     0, -9.90000000e+01
     1, -5.72464720e+00
     2, -5.71273920e+00
     3, -5.70083440e+00
     4, -5.68893290e+00
     5, -5.67703480e+00
     6, -5.66513990e+00
     7, -5.65324830e+00
     8, -5.64136000e+00
     9, -5.62947500e+00
    10, -5.61759330e+00
    11, -5.60571490e+00
    12, -5.59383970e+00
    13, -5.58196780e+00
    14, -5.57009920e+00
    15, -5.55823390e+00
    16, -5.54637180e+00
    17, -5.53451290e+00
    18, -5.52265740e+00
    19, -5.51080500e+00
    20, -5.49895590e+00
    21, -5.48711010e+00
    22, -5.47526750e+00
    23, -5.46342810e+00
    24, -5.45159200e+00
    25, -5.43975910e+00
    26, -5.42792940e+00
    27, -5.41610290e+00
    28, -5.40427970e+00
    29, -5.39245960e+00
    30, -5.38064280e+00
    31, -5.36882920e+00
    32, -5.35701880e+00
    33, -5.34521160e+00
    34, -5.33340750e+00
    35, -5.32160670e+00
    36, -5.30980910e+00
    37, -5.29801460e+00
    38, -5.28622330e+00
    39, -5.27443520e+00
    40, -5.26265030e+00
    41, -5.25086850e+00
    42, -5.23908990e+00
    43, -5.22731450e+00
    44, -5.21554230e+00
    45, -5.20377310e+00
    46, -5.19200720e+00
    47, -5.18024440e+00
    48, -5.16848470e+00
    49, -5.15672820e+00
    50, -5.14497480e+00
    51, -5.13322460e+00
    52, -5.12147750e+00
    53, -5.10973350e+00
    54, -5.09799260e+00
    55, -5.08625490e+00
    56, -5.07452030e+00
    57, -5.06278870e+00
    58, -5.05106030e+00
    59, -5.03933510e+00
    60, -5.02761290e+00
    61, -5.01589380e+00
    62, -5.00417780e+00
    63, -4.99246490e+00
    64, -4.98075510e+00
    65, -4.96904840e+00
    66, -4.95734470e+00
    67, -4.94564420e+00
    68, -4.93394670e+00
    69, -4.92225230e+00
    70, -4.91056090e+00
    71, -4.89887270e+00
    72, -4.88718750e+00
    73, -4.87550530e+00
    74, -4.86382620e+00
    75, -4.85215020e+00
    76, -4.84047720e+00
    77, -4.82880720e+00
    78, -4.81714030e+00
    79, -4.80547640e+00
    80, -4.79381560e+00
    81, -4.78215780e+00
    82, -4.77050300e+00
    83, -4.75885130e+00
    84, -4.74720260e+00
    85, -4.73555690e+00
    86, -4.72391420e+00
    87, -4.71227450e+00
    88, -4.70063780e+00
    89, -4.68900410e+00
    90, -4.67737350e+00
    91, -4.66574580e+00
    92, -4.65412110e+00
    93, -4.64249950e+00
    94, -4.63088080e+00
    95, -4.61926510e+00
    96, -4.60765230e+00
    97, -4.59604260e+00
    98, -4.58443580e+00
    99, -4.57283200e+00
   100, -4.56123120e+00
   101, -4.54963330e+00
   102, -4.53803840e+00
   103, -4.52644650e+00
   104, -4.51485750e+00
   105, -4.50327150e+00
   106, -4.49168840e+00
   107, -4.48010820e+00
   108, -4.46853100e+00
   109, -4.45695680e+00
   110, -4.44538540e+00
   111, -4.43381710e+00
   112, -4.42225160e+00
   113, -4.41068910e+00
   114, -4.39912940e+00
   115, -4.38757280e+00
   116, -4.37601900e+00
   117, -4.36446810e+00
   118, -4.35292020e+00
   119, -4.34137510e+00
   120, -4.32983300e+00
   121, -4.31829370e+00
   122, -4.30675740e+00
   123, -4.29522390e+00
   124, -4.28369340e+00
   125, -4.27216570e+00
   126, -4.26064090e+00
   127, -4.24911900e+00
   128, -4.23760000e+00
   129, -4.22608380e+00
   130, -4.21457060e+00
   131, -4.20306020e+00
   132, -4.19155260e+00
   133, -4.18004790e+00
   134, -4.16854610e+00
   135, -4.15704710e+00
   136, -4.14555100e+00
   137, -4.13405780e+00
   138, -4.12256730e+00
   139, -4.11107980e+00
   140, -4.09959500e+00
   141, -4.08811310e+00
   142, -4.07663410e+00
   143, -4.06515780e+00
   144, -4.05368440e+00
   145, -4.04221380e+00
   146, -4.03074610e+00
   147, -4.01928110e+00
   148, -4.00781900e+00
   149, -3.99635970e+00
   150, -3.98490320e+00
   151, -3.97344950e+00
   152, -3.96199860e+00
   153, -3.95055050e+00
   154, -3.93910520e+00
   155, -3.92766270e+00
   156, -3.91622300e+00
   157, -3.90478610e+00
   158, -3.89335190e+00
   159, -3.88192060e+00
   160, -3.87049200e+00
   161, -3.85906620e+00
   162, -3.84764320e+00
   163, -3.83622290e+00
   164, -3.82480540e+00
   165, -3.81339070e+00
   166, -3.80197870e+00
   167, -3.79056950e+00
   168, -3.77916300e+00
   169, -3.76775930e+00
   170, -3.75635840e+00
   171, -3.74496010e+00
   172, -3.73356470e+00
   173, -3.72217190e+00
   174, -3.71078190e+00
   175, -3.69939470e+00
   176, -3.68801010e+00
   177, -3.67662830e+00
   178, -3.66524930e+00
   179, -3.65387290e+00
   180, -3.64249920e+00
   181, -3.63112830e+00
   182, -3.61976010e+00
   183, -3.60839460e+00
   184, -3.59703180e+00
   185, -3.58567170e+00
   186, -3.57431430e+00
   187, -3.56295960e+00
   188, -3.55160760e+00
   189, -3.54025830e+00
   190, -3.52891170e+00
   191, -3.51756770e+00
   192, -3.50622650e+00
   193, -3.49488790e+00
   194, -3.48355200e+00
   195, -3.47221880e+00
   196, -3.46088820e+00
   197, -3.44956030e+00
   198, -3.43823510e+00
   199, -3.42691260e+00
   200, -3.41559270e+00
   201, -3.40427540e+00
   202, -3.39296080e+00
   203, -3.38164890e+00
   204, -3.37033960e+00
   205, -3.35903300e+00
   206, -3.34772900e+00
   207, -3.33642760e+00
   208, -3.32512890e+00
   209, -3.31383280e+00
   210, -3.30253930e+00
   211, -3.29124850e+00
   212, -3.27996030e+00
   213, -3.26867470e+00
   214, -3.25739170e+00
   215, -3.24611140e+00
   216, -3.23483360e+00
   217, -3.22355850e+00
   218, -3.21228600e+00
   219, -3.20101610e+00
   220, -3.18974880e+00
   221, -3.17848400e+00
   222, -3.16722190e+00
   223, -3.15596240e+00
   224, -3.14470550e+00
   225, -3.13345110e+00
   226, -3.12219940e+00
   227, -3.11095020e+00
   228, -3.09970360e+00
   229, -3.08845960e+00
   230, -3.07721810e+00
   231, -3.06597920e+00
   232, -3.05474290e+00
   233, -3.04350920e+00
   234, -3.03227800e+00
   235, -3.02104940e+00
   236, -3.00982330e+00
   237, -2.99859980e+00
   238, -2.98737890e+00
   239, -2.97616040e+00
   240, -2.96494460e+00
   241, -2.95373130e+00
   242, -2.94252050e+00
   243, -2.93131220e+00
   244, -2.92010650e+00
   245, -2.90890340e+00
   246, -2.89770270e+00
   247, -2.88650460e+00
   248, -2.87530900e+00
   249, -2.86411590e+00
   250, -2.85292540e+00
   251, -2.84173730e+00
   252, -2.83055180e+00
   253, -2.81936880e+00
   254, -2.80818830e+00
   255, -2.79701030e+00
   256, -2.78583480e+00
   257, -2.77466180e+00
   258, -2.76349130e+00
   259, -2.75232330e+00
   260, -2.74115770e+00
   261, -2.72999470e+00
   262, -2.71883420e+00
   263, -2.70767610e+00
   264, -2.69652050e+00
   265, -2.68536740e+00
   266, -2.67421680e+00
   267, -2.66306860e+00
   268, -2.65192290e+00
   269, -2.64077970e+00
   270, -2.62963900e+00
   271, -2.61850070e+00
   272, -2.60736480e+00
   273, -2.59623150e+00
   274, -2.58510050e+00
   275, -2.57397210e+00
   276, -2.56284600e+00
   277, -2.55172240e+00
   278, -2.54060130e+00
   279, -2.52948260e+00
   280, -2.51836640e+00
   281, -2.50725250e+00
   282, -2.49614110e+00
   283, -2.48503220e+00
   284, -2.47392560e+00
   285, -2.46282150e+00
   286, -2.45171980e+00
   287, -2.44062060e+00
   288, -2.42952370e+00
   289, -2.41842930e+00
   290, -2.40733730e+00
   291, -2.39624760e+00
   292, -2.38516040e+00
   293, -2.37407560e+00
   294, -2.36299320e+00
   295, -2.35191320e+00
   296, -2.34083560e+00
   297, -2.32976040e+00
   298, -2.31868750e+00
   299, -2.30761710e+00
   300, -2.29654900e+00
   301, -2.28548340e+00
   302, -2.27442010e+00
   303, -2.26335920e+00
   304, -2.25230060e+00
   305, -2.24124450e+00
   306, -2.23019070e+00
   307, -2.21913920e+00
   308, -2.20809020e+00
   309, -2.19704350e+00
   310, -2.18599910e+00
   311, -2.17495710e+00
   312, -2.16391750e+00
   313, -2.15288020e+00
   314, -2.14184530e+00
   315, -2.13081270e+00
   316, -2.11978250e+00
   317, -2.10875460e+00
   318, -2.09772900e+00
   319, -2.08670580e+00
   320, -2.07568490e+00
   321, -2.06466640e+00
   322, -2.05365010e+00
   323, -2.04263620e+00
   324, -2.03162470e+00
   325, -2.02061540e+00
   326, -2.00960850e+00
   327, -1.99860390e+00
   328, -1.98760160e+00
   329, -1.97660160e+00
   330, -1.96560390e+00
   331, -1.95460850e+00
   332, -1.94361550e+00
   333, -1.93262470e+00
   334, -1.92163620e+00
   335, -1.91065010e+00
   336, -1.89966620e+00
   337, -1.88868460e+00
   338, -1.87770530e+00
   339, -1.86672830e+00
   340, -1.85575360e+00
   341, -1.84478110e+00
   342, -1.83381100e+00
   343, -1.82284310e+00
   344, -1.81187750e+00
   345, -1.80091410e+00
   346, -1.78995310e+00
   347, -1.77899430e+00
   348, -1.76803770e+00
   349, -1.75708340e+00
   350, -1.74613140e+00
   351, -1.73518170e+00
   352, -1.72423420e+00
   353, -1.71328890e+00
   354, -1.70234590e+00
   355, -1.69140520e+00
   356, -1.68046660e+00
   357, -1.66953040e+00
   358, -1.65859640e+00
   359, -1.64766460e+00
   360, -1.63673500e+00
   361, -1.62580770e+00
   362, -1.61488260e+00
   363, -1.60395970e+00
   364, -1.59303910e+00
   365, -1.58212070e+00
   366, -1.57120450e+00
   367, -1.56029050e+00
   368, -1.54937880e+00
   369, -1.53846920e+00
   370, -1.52756190e+00
   371, -1.51665680e+00
   372, -1.50575390e+00
   373, -1.49485320e+00
   374, -1.48395470e+00
   375, -1.47305840e+00
   376, -1.46216430e+00
   377, -1.45127230e+00
   378, -1.44038260e+00
   379, -1.42949510e+00
   380, -1.41860970e+00
   381, -1.40772660e+00
   382, -1.39684560e+00
   383, -1.38596680e+00
   384, -1.37509020e+00
   385, -1.36421570e+00
   386, -1.35334350e+00
   387, -1.34247340e+00
   388, -1.33160540e+00
   389, -1.32073970e+00
   390, -1.30987610e+00
   391, -1.29901460e+00
   392, -1.28815540e+00
   393, -1.27729830e+00
   394, -1.26644330e+00
   395, -1.25559050e+00
   396, -1.24473980e+00
   397, -1.23389130e+00
   398, -1.22304490e+00
   399, -1.21220070e+00
   400, -1.20135860e+00
   401, -1.19051870e+00
   402, -1.17968090e+00
   403, -1.16884520e+00
   404, -1.15801160e+00
   405, -1.14718020e+00
   406, -1.13635090e+00
   407, -1.12552380e+00
   408, -1.11469870e+00
   409, -1.10387580e+00
   410, -1.09305500e+00
   411, -1.08223630e+00
   412, -1.07141980e+00
   413, -1.06060530e+00
   414, -1.04979290e+00
   415, -1.03898270e+00
   416, -1.02817460e+00
   417, -1.01736850e+00
   418, -1.00656460e+00
   419, -9.95762730e-01
   420, -9.84962980e-01
   421, -9.74165320e-01
   422, -9.63369760e-01
   423, -9.52576280e-01
   424, -9.41784890e-01
   425, -9.30995580e-01
   426, -9.20208360e-01
   427, -9.09423210e-01
   428, -8.98640140e-01
   429, -8.87859150e-01
   430, -8.77080230e-01
   431, -8.66303370e-01
   432, -8.55528590e-01
   433, -8.44755870e-01
   434, -8.33985220e-01
   435, -8.23216630e-01
   436, -8.12450090e-01
   437, -8.01685620e-01
   438, -7.90923200e-01
   439, -7.80162830e-01
   440, -7.69404510e-01
   441, -7.58648240e-01
   442, -7.47894010e-01
   443, -7.37141830e-01
   444, -7.26391690e-01
   445, -7.15643590e-01
   446, -7.04897530e-01
   447, -6.94153500e-01
   448, -6.83411500e-01
   449, -6.72671530e-01
   450, -6.61933600e-01
   451, -6.51197690e-01
   452, -6.40463800e-01
   453, -6.29731930e-01
   454, -6.19002080e-01
   455, -6.08274250e-01
   456, -5.97548440e-01
   457, -5.86824640e-01
   458, -5.76102850e-01
   459, -5.65383070e-01
   460, -5.54665290e-01
   461, -5.43949520e-01
   462, -5.33235750e-01
   463, -5.22523980e-01
   464, -5.11814210e-01
   465, -5.01106430e-01
   466, -4.90400650e-01
   467, -4.79696850e-01
   468, -4.68995050e-01
   469, -4.58295230e-01
   470, -4.47597400e-01
   471, -4.36901550e-01
   472, -4.26207690e-01
   473, -4.15515800e-01
   474, -4.04825880e-01
   475, -3.94137940e-01
   476, -3.83451970e-01
   477, -3.72767980e-01
   478, -3.62085940e-01
   479, -3.51405880e-01
   480, -3.40727780e-01
   481, -3.30051640e-01
   482, -3.19377450e-01
   483, -3.08705230e-01
   484, -2.98034960e-01
   485, -2.87366640e-01
   486, -2.76700280e-01
   487, -2.66035860e-01
   488, -2.55373390e-01
   489, -2.44712860e-01
   490, -2.34054280e-01
   491, -2.23397630e-01
   492, -2.12742920e-01
   493, -2.02090150e-01
   494, -1.91439310e-01
   495, -1.80790410e-01
   496, -1.70143430e-01
   497, -1.59498380e-01
   498, -1.48855260e-01
   499, -1.38214060e-01
   500, -1.27574780e-01
   501, -1.16937420e-01
   502, -1.06301980e-01
   503, -9.56684510e-02
   504, -8.50368360e-02
   505, -7.44071320e-02
   506, -6.37793370e-02
   507, -5.31534480e-02
   508, -4.25294640e-02
   509, -3.19073820e-02
   510, -2.12872010e-02
   511, -1.06689180e-02
   512, -5.25314320e-05
   513,  1.05619610e-02
   514,  2.11745610e-02
   515,  3.17852710e-02
   516,  4.23940930e-02
   517,  5.30010290e-02
   518,  6.36060800e-02
   519,  7.42092500e-02
   520,  8.48105400e-02
   521,  9.54099520e-02
   522,  1.06007490e-01
   523,  1.16603150e-01
   524,  1.27196940e-01
   525,  1.37788860e-01
   526,  1.48378920e-01
   527,  1.58967100e-01
   528,  1.69553430e-01
   529,  1.80137890e-01
   530,  1.90720490e-01
   531,  2.01301240e-01
   532,  2.11880130e-01
   533,  2.22457170e-01
   534,  2.33032350e-01
   535,  2.43605690e-01
   536,  2.54177180e-01
   537,  2.64746820e-01
   538,  2.75314620e-01
   539,  2.85880580e-01
   540,  2.96444700e-01
   541,  3.07006980e-01
   542,  3.17567420e-01
   543,  3.28126040e-01
   544,  3.38682820e-01
   545,  3.49237770e-01
   546,  3.59790890e-01
   547,  3.70342190e-01
   548,  3.80891670e-01
   549,  3.91439320e-01
   550,  4.01985160e-01
   551,  4.12529170e-01
   552,  4.23071370e-01
   553,  4.33611760e-01
   554,  4.44150340e-01
   555,  4.54687110e-01
   556,  4.65222070e-01
   557,  4.75755220e-01
   558,  4.86286570e-01
   559,  4.96816120e-01
   560,  5.07343870e-01
   561,  5.17869820e-01
   562,  5.28393970e-01
   563,  5.38916340e-01
   564,  5.49436910e-01
   565,  5.59955690e-01
   566,  5.70472680e-01
   567,  5.80987880e-01
   568,  5.91501310e-01
   569,  6.02012950e-01
   570,  6.12522800e-01
   571,  6.23030890e-01
   572,  6.33537190e-01
   573,  6.44041720e-01
   574,  6.54544480e-01
   575,  6.65045470e-01
   576,  6.75544690e-01
   577,  6.86042140e-01
   578,  6.96537830e-01
   579,  7.07031760e-01
   580,  7.17523920e-01
   581,  7.28014330e-01
   582,  7.38502980e-01
   583,  7.48989870e-01
   584,  7.59475020e-01
   585,  7.69958410e-01
   586,  7.80440050e-01
   587,  7.90919940e-01
   588,  8.01398090e-01
   589,  8.11874500e-01
   590,  8.22349160e-01
   591,  8.32822080e-01
   592,  8.43293270e-01
   593,  8.53762720e-01
   594,  8.64230440e-01
   595,  8.74696420e-01
   596,  8.85160670e-01
   597,  8.95623200e-01
   598,  9.06084000e-01
   599,  9.16543080e-01
   600,  9.27000430e-01
   601,  9.37456060e-01
   602,  9.47909970e-01
   603,  9.58362170e-01
   604,  9.68812650e-01
   605,  9.79261420e-01
   606,  9.89708480e-01
   607,  1.00015380e+00
   608,  1.01059750e+00
   609,  1.02103940e+00
   610,  1.03147960e+00
   611,  1.04191820e+00
   612,  1.05235500e+00
   613,  1.06279010e+00
   614,  1.07322360e+00
   615,  1.08365530e+00
   616,  1.09408530e+00
   617,  1.10451370e+00
   618,  1.11494040e+00
   619,  1.12536540e+00
   620,  1.13578870e+00
   621,  1.14621030e+00
   622,  1.15663020e+00
   623,  1.16704850e+00
   624,  1.17746500e+00
   625,  1.18787990e+00
   626,  1.19829320e+00
   627,  1.20870470e+00
   628,  1.21911460e+00
   629,  1.22952280e+00
   630,  1.23992940e+00
   631,  1.25033420e+00
   632,  1.26073750e+00
   633,  1.27113900e+00
   634,  1.28153890e+00
   635,  1.29193720e+00
   636,  1.30233370e+00
   637,  1.31272870e+00
   638,  1.32312200e+00
   639,  1.33351360e+00
   640,  1.34390360e+00
   641,  1.35429190e+00
   642,  1.36467860e+00
   643,  1.37506370e+00
   644,  1.38544710e+00
   645,  1.39582880e+00
   646,  1.40620900e+00
   647,  1.41658750e+00
   648,  1.42696430e+00
   649,  1.43733960e+00
   650,  1.44771320e+00
   651,  1.45808510e+00
   652,  1.46845550e+00
   653,  1.47882420e+00
   654,  1.48919130e+00
   655,  1.49955680e+00
   656,  1.50992060e+00
   657,  1.52028290e+00
   658,  1.53064350e+00
   659,  1.54100250e+00
   660,  1.55135990e+00
   661,  1.56171570e+00
   662,  1.57206990e+00
   663,  1.58242250e+00
   664,  1.59277340e+00
   665,  1.60312280e+00
   666,  1.61347060e+00
   667,  1.62381670e+00
   668,  1.63416130e+00
   669,  1.64450430e+00
   670,  1.65484560e+00
   671,  1.66518540e+00
   672,  1.67552360e+00
   673,  1.68586020e+00
   674,  1.69619520e+00
   675,  1.70652870e+00
   676,  1.71686050e+00
   677,  1.72719080e+00
   678,  1.73751950e+00
   679,  1.74784660e+00
   680,  1.75817210e+00
   681,  1.76849610e+00
   682,  1.77881840e+00
   683,  1.78913920e+00
   684,  1.79945850e+00
   685,  1.80977620e+00
   686,  1.82009230e+00
   687,  1.83040680e+00
   688,  1.84071980e+00
   689,  1.85103120e+00
   690,  1.86134110e+00
   691,  1.87164940e+00
   692,  1.88195610e+00
   693,  1.89226130e+00
   694,  1.90256500e+00
   695,  1.91286710e+00
   696,  1.92316760e+00
   697,  1.93346660e+00
   698,  1.94376400e+00
   699,  1.95405990e+00
   700,  1.96435430e+00
   701,  1.97464710e+00
   702,  1.98493840e+00
   703,  1.99522820e+00
   704,  2.00551640e+00
   705,  2.01580310e+00
   706,  2.02608820e+00
   707,  2.03637180e+00
   708,  2.04665390e+00
   709,  2.05693450e+00
   710,  2.06721350e+00
   711,  2.07749110e+00
   712,  2.08776710e+00
   713,  2.09804150e+00
   714,  2.10831450e+00
   715,  2.11858590e+00
   716,  2.12885590e+00
   717,  2.13912430e+00
   718,  2.14939120e+00
   719,  2.15965660e+00
   720,  2.16992050e+00
   721,  2.18018290e+00
   722,  2.19044370e+00
   723,  2.20070310e+00
   724,  2.21096100e+00
   725,  2.22121740e+00
   726,  2.23147230e+00
   727,  2.24172560e+00
   728,  2.25197750e+00
   729,  2.26222790e+00
   730,  2.27247680e+00
   731,  2.28272430e+00
   732,  2.29297020e+00
   733,  2.30321460e+00
   734,  2.31345760e+00
   735,  2.32369910e+00
   736,  2.33393910e+00
   737,  2.34417760e+00
   738,  2.35441460e+00
   739,  2.36465020e+00
   740,  2.37488430e+00
   741,  2.38511690e+00
   742,  2.39534810e+00
   743,  2.40557780e+00
   744,  2.41580600e+00
   745,  2.42603270e+00
   746,  2.43625800e+00
   747,  2.44648180e+00
   748,  2.45670420e+00
   749,  2.46692510e+00
   750,  2.47714450e+00
   751,  2.48736250e+00
   752,  2.49757910e+00
   753,  2.50779410e+00
   754,  2.51800780e+00
   755,  2.52822000e+00
   756,  2.53843070e+00
   757,  2.54864000e+00
   758,  2.55884780e+00
   759,  2.56905420e+00
   760,  2.57925920e+00
   761,  2.58946270e+00
   762,  2.59966480e+00
   763,  2.60986550e+00
   764,  2.62006470e+00
   765,  2.63026250e+00
   766,  2.64045880e+00
   767,  2.65065370e+00
   768,  2.66084720e+00
   769,  2.67103930e+00
   770,  2.68123000e+00
   771,  2.69141920e+00
   772,  2.70160700e+00
   773,  2.71179340e+00
   774,  2.72197830e+00
   775,  2.73216190e+00
   776,  2.74234400e+00
   777,  2.75252470e+00
   778,  2.76270400e+00
   779,  2.77288190e+00
   780,  2.78305840e+00
   781,  2.79323350e+00
   782,  2.80340720e+00
   783,  2.81357950e+00
   784,  2.82375030e+00
   785,  2.83391980e+00
   786,  2.84408790e+00
   787,  2.85425460e+00
   788,  2.86441980e+00
   789,  2.87458370e+00
   790,  2.88474620e+00
   791,  2.89490730e+00
   792,  2.90506700e+00
   793,  2.91522540e+00
   794,  2.92538230e+00
   795,  2.93553790e+00
   796,  2.94569200e+00
   797,  2.95584480e+00
   798,  2.96599620e+00
   799,  2.97614630e+00
   800,  2.98629490e+00
   801,  2.99644220e+00
   802,  3.00658810e+00
   803,  3.01673270e+00
   804,  3.02687590e+00
   805,  3.03701770e+00
   806,  3.04715810e+00
   807,  3.05729720e+00
   808,  3.06743490e+00
   809,  3.07757120e+00
   810,  3.08770620e+00
   811,  3.09783980e+00
   812,  3.10797210e+00
   813,  3.11810300e+00
   814,  3.12823260e+00
   815,  3.13836080e+00
   816,  3.14848760e+00
   817,  3.15861310e+00
   818,  3.16873730e+00
   819,  3.17886010e+00
   820,  3.18898160e+00
   821,  3.19910170e+00
   822,  3.20922050e+00
   823,  3.21933790e+00
   824,  3.22945400e+00
   825,  3.23956880e+00
   826,  3.24968220e+00
   827,  3.25979430e+00
   828,  3.26990500e+00
   829,  3.28001450e+00
   830,  3.29012260e+00
   831,  3.30022940e+00
   832,  3.31033480e+00
   833,  3.32043890e+00
   834,  3.33054170e+00
   835,  3.34064320e+00
   836,  3.35074340e+00
   837,  3.36084220e+00
   838,  3.37093970e+00
   839,  3.38103590e+00
   840,  3.39113080e+00
   841,  3.40122440e+00
   842,  3.41131670e+00
   843,  3.42140760e+00
   844,  3.43149730e+00
   845,  3.44158560e+00
   846,  3.45167270e+00
   847,  3.46175840e+00
   848,  3.47184290e+00
   849,  3.48192600e+00
   850,  3.49200780e+00
   851,  3.50208840e+00
   852,  3.51216760e+00
   853,  3.52224560e+00
   854,  3.53232220e+00
   855,  3.54239760e+00
   856,  3.55247170e+00
   857,  3.56254450e+00
   858,  3.57261600e+00
   859,  3.58268620e+00
   860,  3.59275510e+00
   861,  3.60282280e+00
   862,  3.61288920e+00
   863,  3.62295430e+00
   864,  3.63301810e+00
   865,  3.64308060e+00
   866,  3.65314190e+00
   867,  3.66320190e+00
   868,  3.67326060e+00
   869,  3.68331800e+00
   870,  3.69337420e+00
   871,  3.70342910e+00
   872,  3.71348280e+00
   873,  3.72353520e+00
   874,  3.73358630e+00
   875,  3.74363620e+00
   876,  3.75368480e+00
   877,  3.76373210e+00
   878,  3.77377820e+00
   879,  3.78382310e+00
   880,  3.79386660e+00
   881,  3.80390900e+00
   882,  3.81395010e+00
   883,  3.82398990e+00
   884,  3.83402850e+00
   885,  3.84406580e+00
   886,  3.85410190e+00
   887,  3.86413670e+00
   888,  3.87417040e+00
   889,  3.88420270e+00
   890,  3.89423390e+00
   891,  3.90426370e+00
   892,  3.91429240e+00
   893,  3.92431980e+00
   894,  3.93434600e+00
   895,  3.94437100e+00
   896,  3.95439470e+00
   897,  3.96441720e+00
   898,  3.97443850e+00
   899,  3.98445850e+00
   900,  3.99447730e+00
   901,  4.00449490e+00
   902,  4.01451130e+00
   903,  4.02452650e+00
   904,  4.03454040e+00
   905,  4.04455320e+00
   906,  4.05456470e+00
   907,  4.06457500e+00
   908,  4.07458400e+00
   909,  4.08459190e+00
   910,  4.09459860e+00
   911,  4.10460400e+00
   912,  4.11460830e+00
   913,  4.12461130e+00
   914,  4.13461320e+00
   915,  4.14461380e+00
   916,  4.15461330e+00
   917,  4.16461150e+00
   918,  4.17460850e+00
   919,  4.18460440e+00
   920,  4.19459900e+00
   921,  4.20459250e+00
   922,  4.21458480e+00
   923,  4.22457580e+00
   924,  4.23456570e+00
   925,  4.24455440e+00
   926,  4.25454190e+00
   927,  4.26452820e+00
   928,  4.27451340e+00
   929,  4.28449740e+00
   930,  4.29448010e+00
   931,  4.30446170e+00
   932,  4.31444220e+00
   933,  4.32442140e+00
   934,  4.33439950e+00
   935,  4.34437640e+00
   936,  4.35435210e+00
   937,  4.36432670e+00
   938,  4.37430010e+00
   939,  4.38427230e+00
   940,  4.39424330e+00
   941,  4.40421320e+00
   942,  4.41418190e+00
   943,  4.42414950e+00
   944,  4.43411590e+00
   945,  4.44408120e+00
   946,  4.45404520e+00
   947,  4.46400820e+00
   948,  4.47396990e+00
   949,  4.48393060e+00
   950,  4.49389000e+00
   951,  4.50384840e+00
   952,  4.51380550e+00
   953,  4.52376150e+00
   954,  4.53371640e+00
   955,  4.54367020e+00
   956,  4.55362270e+00
   957,  4.56357420e+00
   958,  4.57352450e+00
   959,  4.58347370e+00
   960,  4.59342170e+00
   961,  4.60336860e+00
   962,  4.61331430e+00
   963,  4.62325890e+00
   964,  4.63320240e+00
   965,  4.64314480e+00
   966,  4.65308600e+00
   967,  4.66302610e+00
   968,  4.67296510e+00
   969,  4.68290290e+00
   970,  4.69283970e+00
   971,  4.70277530e+00
   972,  4.71270970e+00
   973,  4.72264310e+00
   974,  4.73257530e+00
   975,  4.74250650e+00
   976,  4.75243650e+00
   977,  4.76236540e+00
   978,  4.77229310e+00
   979,  4.78221980e+00
   980,  4.79214540e+00
   981,  4.80206980e+00
   982,  4.81199320e+00
   983,  4.82191540e+00
   984,  4.83183650e+00
   985,  4.84175650e+00
   986,  4.85167550e+00
   987,  4.86159330e+00
   988,  4.87151000e+00
   989,  4.88142560e+00
   990,  4.89134020e+00
   991,  4.90125360e+00
   992,  4.91116600e+00
   993,  4.92107720e+00
   994,  4.93098740e+00
   995,  4.94089640e+00
   996,  4.95080440e+00
   997,  4.96071130e+00
   998,  4.97061710e+00
   999,  4.98052180e+00
  1000,  4.99042550e+00
  1001,  5.00032800e+00
  1002,  5.01022950e+00
  1003,  5.02012990e+00
  1004,  5.03002930e+00
  1005,  5.03992750e+00
  1006,  5.04982470e+00
  1007,  5.05972080e+00
  1008,  5.06961580e+00
  1009,  5.07950980e+00
  1010,  5.08940260e+00
  1011,  5.09929450e+00
  1012,  5.10918520e+00
  1013,  5.11907490e+00
  1014,  5.12896350e+00
  1015,  5.13885110e+00
  1016,  5.14873760e+00
  1017,  5.15862300e+00
  1018,  5.16850740e+00
  1019,  5.17839070e+00
  1020,  5.18827300e+00
  1021,  5.19815420e+00
  1022,  5.20803440e+00
  1023,  5.21791350e+00
  1024,  5.22779160e+00
  1025,  5.23766860e+00
  1026,  5.24754450e+00
  1027,  5.25741950e+00
  1028,  5.26729330e+00
  1029,  5.27716620e+00
  1030,  5.28703790e+00
  1031,  5.29690870e+00
  1032,  5.30677840e+00
  1033,  5.31664710e+00
  1034,  5.32651470e+00
  1035,  5.33638130e+00
  1036,  5.34624680e+00
  1037,  5.35611140e+00
  1038,  5.36597490e+00
  1039,  5.37583730e+00
  1040,  5.38569880e+00
  1041,  5.39555920e+00
  1042,  5.40541850e+00
  1043,  5.41527690e+00
  1044,  5.42513420e+00
  1045,  5.43499050e+00
  1046,  5.44484580e+00
  1047,  5.45470010e+00
  1048,  5.46455330e+00
  1049,  5.47440560e+00
  1050,  5.48425680e+00
  1051,  5.49410700e+00
  1052,  5.50395620e+00
  1053,  5.51380430e+00
  1054,  5.52365150e+00
  1055,  5.53349770e+00
  1056,  5.54334280e+00
  1057,  5.55318690e+00
  1058,  5.56303010e+00
  1059,  5.57287220e+00
  1060,  5.58271330e+00
  1061,  5.59255350e+00
  1062,  5.60239260e+00
  1063,  5.61223070e+00
  1064,  5.62206780e+00
  1065,  5.63190400e+00
  1066,  5.64173910e+00
  1067,  5.65157330e+00
  1068,  5.66140640e+00
  1069,  5.67123860e+00
  1070,  5.68106970e+00
  1071,  5.69089990e+00
  1072,  5.70072910e+00
  1073,  5.71055730e+00
  1074,  5.72038460e+00
  1075,  5.73021080e+00
  1076,  5.74003600e+00
  1077,  5.74986030e+00
  1078,  5.75968360e+00
  1079,  5.76950590e+00
  1080,  5.77932730e+00
  1081,  5.78914770e+00
  1082,  5.79896700e+00
  1083,  5.80878550e+00
  1084,  5.81860290e+00
  1085,  5.82841940e+00
  1086,  5.83823490e+00
  1087,  5.84804940e+00
  1088,  5.85786300e+00
  1089,  5.86767560e+00
  1090,  5.87748730e+00
  1091,  5.88729800e+00
  1092,  5.89710770e+00
  1093,  5.90691640e+00
  1094,  5.91672420e+00
  1095,  5.92653110e+00
  1096,  5.93633700e+00
  1097,  5.94614190e+00
  1098,  5.95594590e+00
  1099,  5.96574890e+00
  1100,  5.97555100e+00
  1101,  5.98535210e+00
  1102,  5.99515230e+00
  1103,  6.00495150e+00
  1104,  6.01474980e+00
  1105,  6.02454710e+00
  1106,  6.03434350e+00
  1107,  6.04413900e+00
  1108,  6.05393350e+00
  1109,  6.06372700e+00
  1110,  6.07351970e+00
  1111,  6.08331140e+00
  1112,  6.09310210e+00
  1113,  6.10289190e+00
  1114,  6.11268080e+00
  1115,  6.12246880e+00
  1116,  6.13225580e+00
  1117,  6.14204190e+00
  1118,  6.15182710e+00
  1119,  6.16161130e+00
  1120,  6.17139460e+00
  1121,  6.18117700e+00
  1122,  6.19095850e+00
  1123,  6.20073900e+00
  1124,  6.21051860e+00
  1125,  6.22029730e+00
  1126,  6.23007510e+00
  1127,  6.23985200e+00
  1128,  6.24962790e+00
  1129,  6.25940300e+00
  1130,  6.26917710e+00
  1131,  6.27895030e+00
  1132,  6.28872260e+00
  1133,  6.29849400e+00
  1134,  6.30826450e+00
  1135,  6.31803400e+00
  1136,  6.32780270e+00
  1137,  6.33757050e+00
  1138,  6.34733730e+00
  1139,  6.35710330e+00
  1140,  6.36686830e+00
  1141,  6.37663250e+00
  1142,  6.38639570e+00
  1143,  6.39615810e+00
  1144,  6.40591950e+00
  1145,  6.41568010e+00
  1146,  6.42543980e+00
  1147,  6.43519860e+00
  1148,  6.44495650e+00
  1149,  6.45471350e+00
  1150,  6.46446960e+00
  1151,  6.47422480e+00
  1152,  6.48397910e+00
  1153,  6.49373260e+00
  1154,  6.50348510e+00
  1155,  6.51323680e+00
  1156,  6.52298760e+00
  1157,  6.53273760e+00
  1158,  6.54248660e+00
  1159,  6.55223480e+00
  1160,  6.56198210e+00
  1161,  6.57172850e+00
  1162,  6.58147400e+00
  1163,  6.59121870e+00
  1164,  6.60096250e+00
  1165,  6.61070540e+00
  1166,  6.62044750e+00
  1167,  6.63018860e+00
  1168,  6.63992900e+00
  1169,  6.64966840e+00
  1170,  6.65940700e+00
  1171,  6.66914470e+00
  1172,  6.67888160e+00
  1173,  6.68861760e+00
  1174,  6.69835280e+00
  1175,  6.70808710e+00
  1176,  6.71782050e+00
  1177,  6.72755310e+00
  1178,  6.73728480e+00
  1179,  6.74701570e+00
  1180,  6.75674570e+00
  1181,  6.76647480e+00
  1182,  6.77620320e+00
  1183,  6.78593060e+00
  1184,  6.79565720e+00
  1185,  6.80538300e+00
  1186,  6.81510790e+00
  1187,  6.82483200e+00
  1188,  6.83455530e+00
  1189,  6.84427770e+00
  1190,  6.85399920e+00
  1191,  6.86372000e+00
  1192,  6.87343980e+00
  1193,  6.88315890e+00
  1194,  6.89287710e+00
  1195,  6.90259450e+00
  1196,  6.91231100e+00
  1197,  6.92202670e+00
  1198,  6.93174160e+00
  1199,  6.94145570e+00
  1200,  6.95116890e+00
  1201,  6.96088130e+00
  1202,  6.97059290e+00
  1203,  6.98030360e+00
  1204,  6.99001350e+00
  1205,  6.99972260e+00
  1206,  7.00943090e+00
  1207,  7.01913840e+00
  1208,  7.02884500e+00
  1209,  7.03855090e+00
  1210,  7.04825590e+00
  1211,  7.05796010e+00
  1212,  7.06766340e+00
  1213,  7.07736600e+00
  1214,  7.08706780e+00
  1215,  7.09676870e+00
  1216,  7.10646890e+00
  1217,  7.11616820e+00
  1218,  7.12586670e+00
  1219,  7.13556440e+00
  1220,  7.14526130e+00
  1221,  7.15495740e+00
  1222,  7.16465280e+00
  1223,  7.17434730e+00
  1224,  7.18404100e+00
  1225,  7.19373390e+00
  1226,  7.20342600e+00
  1227,  7.21311730e+00
  1228,  7.22280780e+00
  1229,  7.23249760e+00
  1230,  7.24218650e+00
  1231,  7.25187460e+00
  1232,  7.26156200e+00
  1233,  7.27124850e+00
  1234,  7.28093430e+00
  1235,  7.29061930e+00
  1236,  7.30030350e+00
  1237,  7.30998690e+00
  1238,  7.31966960e+00
  1239,  7.32935140e+00
  1240,  7.33903250e+00
  1241,  7.34871280e+00
  1242,  7.35839230e+00
  1243,  7.36807100e+00
  1244,  7.37774900e+00
  1245,  7.38742620e+00
  1246,  7.39710260e+00
  1247,  7.40677820e+00
  1248,  7.41645310e+00
  1249,  7.42612720e+00
  1250,  7.43580050e+00
  1251,  7.44547310e+00
  1252,  7.45514490e+00
  1253,  7.46481590e+00
  1254,  7.47448620e+00
  1255,  7.48415570e+00
  1256,  7.49382440e+00
  1257,  7.50349240e+00
  1258,  7.51315960e+00
  1259,  7.52282610e+00
  1260,  7.53249180e+00
  1261,  7.54215670e+00
  1262,  7.55182090e+00
  1263,  7.56148430e+00
  1264,  7.57114700e+00
  1265,  7.58080890e+00
  1266,  7.59047010e+00
  1267,  7.60013050e+00
  1268,  7.60979020e+00
  1269,  7.61944910e+00
  1270,  7.62910730e+00
  1271,  7.63876480e+00
  1272,  7.64842150e+00
  1273,  7.65807740e+00
  1274,  7.66773260e+00
  1275,  7.67738710e+00
  1276,  7.68704080e+00
  1277,  7.69669380e+00
  1278,  7.70634610e+00
  1279,  7.71599760e+00
  1280,  7.72564840e+00
  1281,  7.73529850e+00
  1282,  7.74494780e+00
  1283,  7.75459640e+00
  1284,  7.76424420e+00
  1285,  7.77389140e+00
  1286,  7.78353780e+00
  1287,  7.79318340e+00
  1288,  7.80282840e+00
  1289,  7.81247260e+00
  1290,  7.82211610e+00
  1291,  7.83175890e+00
  1292,  7.84140100e+00
  1293,  7.85104230e+00
  1294,  7.86068290e+00
  1295,  7.87032280e+00
  1296,  7.87996200e+00
  1297,  7.88960050e+00
  1298,  7.89923820e+00
  1299,  7.90887530e+00
  1300,  7.91851160e+00
  1301,  7.92814720e+00
  1302,  7.93778220e+00
  1303,  7.94741640e+00
  1304,  7.95704990e+00
  1305,  7.96668260e+00
  1306,  7.97631470e+00
  1307,  7.98594610e+00
  1308,  7.99557680e+00
  1309,  8.00520680e+00
  1310,  8.01483600e+00
  1311,  8.02446460e+00
  1312,  8.03409250e+00
  1313,  8.04371970e+00
  1314,  8.05334610e+00
  1315,  8.06297190e+00
  1316,  8.07259700e+00
  1317,  8.08222140e+00
  1318,  8.09184510e+00
  1319,  8.10146820e+00
  1320,  8.11109050e+00
  1321,  8.12071210e+00
  1322,  8.13033310e+00
  1323,  8.13995330e+00
  1324,  8.14957290e+00
  1325,  8.15919180e+00
  1326,  8.16881000e+00
  1327,  8.17842760e+00
  1328,  8.18804440e+00
  1329,  8.19766060e+00
  1330,  8.20727610e+00
  1331,  8.21689090e+00
  1332,  8.22650500e+00
  1333,  8.23611850e+00
  1334,  8.24573130e+00
  1335,  8.25534340e+00
  1336,  8.26495490e+00
  1337,  8.27456560e+00
  1338,  8.28417580e+00
  1339,  8.29378520e+00
  1340,  8.30339400e+00
  1341,  8.31300210e+00
  1342,  8.32260950e+00
  1343,  8.33221630e+00
  1344,  8.34182240e+00
  1345,  8.35142790e+00
  1346,  8.36103260e+00
  1347,  8.37063680e+00
  1348,  8.38024030e+00
  1349,  8.38984310e+00
  1350,  8.39944520e+00
  1351,  8.40904670e+00
  1352,  8.41864760e+00
  1353,  8.42824780e+00
  1354,  8.43784730e+00
  1355,  8.44744620e+00
  1356,  8.45704450e+00
  1357,  8.46664210e+00
  1358,  8.47623900e+00
  1359,  8.48583530e+00
  1360,  8.49543100e+00
  1361,  8.50502600e+00
  1362,  8.51462040e+00
  1363,  8.52421410e+00
  1364,  8.53380720e+00
  1365,  8.54339960e+00
  1366,  8.55299140e+00
  1367,  8.56258260e+00
  1368,  8.57217310e+00
  1369,  8.58176300e+00
  1370,  8.59135230e+00
  1371,  8.60094090e+00
  1372,  8.61052890e+00
  1373,  8.62011630e+00
  1374,  8.62970300e+00
  1375,  8.63928910e+00
  1376,  8.64887460e+00
  1377,  8.65845950e+00
  1378,  8.66804370e+00
  1379,  8.67762730e+00
  1380,  8.68721030e+00
  1381,  8.69679270e+00
  1382,  8.70637440e+00
  1383,  8.71595550e+00
  1384,  8.72553600e+00
  1385,  8.73511590e+00
  1386,  8.74469510e+00
  1387,  8.75427380e+00
  1388,  8.76385180e+00
  1389,  8.77342920e+00
  1390,  8.78300610e+00
  1391,  8.79258220e+00
  1392,  8.80215780e+00
  1393,  8.81173280e+00
  1394,  8.82130720e+00
  1395,  8.83088090e+00
  1396,  8.84045410e+00
  1397,  8.85002660e+00
  1398,  8.85959860e+00
  1399,  8.86916990e+00
  1400,  8.87874060e+00
  1401,  8.88831080e+00
  1402,  8.89788030e+00
  1403,  8.90744930e+00
  1404,  8.91701760e+00
  1405,  8.92658530e+00
  1406,  8.93615250e+00
  1407,  8.94571910e+00
  1408,  8.95528500e+00
  1409,  8.96485040e+00
  1410,  8.97441520e+00
  1411,  8.98397930e+00
  1412,  8.99354290e+00
  1413,  9.00310600e+00
  1414,  9.01266840e+00
  1415,  9.02223020e+00
  1416,  9.03179150e+00
  1417,  9.04135210e+00
  1418,  9.05091220e+00
  1419,  9.06047170e+00
  1420,  9.07003070e+00
  1421,  9.07958900e+00
  1422,  9.08914680e+00
  1423,  9.09870400e+00
  1424,  9.10826060e+00
  1425,  9.11781660e+00
  1426,  9.12737210e+00
  1427,  9.13692700e+00
  1428,  9.14648130e+00
  1429,  9.15603500e+00
  1430,  9.16558820e+00
  1431,  9.17514080e+00
  1432,  9.18469290e+00
  1433,  9.19424430e+00
  1434,  9.20379520e+00
  1435,  9.21334560e+00
  1436,  9.22289540e+00
  1437,  9.23244460e+00
  1438,  9.24199320e+00
  1439,  9.25154130e+00
  1440,  9.26108890e+00
  1441,  9.27063590e+00
  1442,  9.28018230e+00
  1443,  9.28972810e+00
  1444,  9.29927350e+00
  1445,  9.30881820e+00
  1446,  9.31836240e+00
  1447,  9.32790610e+00
  1448,  9.33744920e+00
  1449,  9.34699170e+00
  1450,  9.35653370e+00
  1451,  9.36607520e+00
  1452,  9.37561610e+00
  1453,  9.38515640e+00
  1454,  9.39469620e+00
  1455,  9.40423550e+00
  1456,  9.41377420e+00
  1457,  9.42331240e+00
  1458,  9.43285010e+00
  1459,  9.44238720e+00
  1460,  9.45192380e+00
  1461,  9.46145980e+00
  1462,  9.47099530e+00
  1463,  9.48053030e+00
  1464,  9.49006470e+00
  1465,  9.49959860e+00
  1466,  9.50913190e+00
  1467,  9.51866480e+00
  1468,  9.52819710e+00
  1469,  9.53772880e+00
  1470,  9.54726010e+00
  1471,  9.55679080e+00
  1472,  9.56632100e+00
  1473,  9.57585070e+00
  1474,  9.58537980e+00
  1475,  9.59490840e+00
  1476,  9.60443650e+00
  1477,  9.61396410e+00
  1478,  9.62349120e+00
  1479,  9.63301770e+00
  1480,  9.64254370e+00
  1481,  9.65206920e+00
  1482,  9.66159420e+00
  1483,  9.67111870e+00
  1484,  9.68064260e+00
  1485,  9.69016610e+00
  1486,  9.69968900e+00
  1487,  9.70921150e+00
  1488,  9.71873340e+00
  1489,  9.72825480e+00
  1490,  9.73777570e+00
  1491,  9.74729610e+00
  1492,  9.75681600e+00
  1493,  9.76633540e+00
  1494,  9.77585420e+00
  1495,  9.78537260e+00
  1496,  9.79489050e+00
  1497,  9.80440790e+00
  1498,  9.81392480e+00
  1499,  9.82344120e+00
  1500,  9.83295700e+00
  1501,  9.84247240e+00
  1502,  9.85198730e+00
  1503,  9.86150170e+00
  1504,  9.87101560e+00
  1505,  9.88052910e+00
  1506,  9.89004200e+00
  1507,  9.89955440e+00
  1508,  9.90906640e+00
  1509,  9.91857780e+00
  1510,  9.92808880e+00
  1511,  9.93759930e+00
  1512,  9.94710930e+00
  1513,  9.95661880e+00
  1514,  9.96612790e+00
  1515,  9.97563640e+00
  1516,  9.98514450e+00
  1517,  9.99465210e+00
  1518,  1.00041590e+01
  1519,  1.00136660e+01
  1520,  1.00231720e+01
  1521,  1.00326780e+01
  1522,  1.00421830e+01
  1523,  1.00516880e+01
  1524,  1.00611920e+01
  1525,  1.00706960e+01
  1526,  1.00801990e+01
  1527,  1.00897020e+01
  1528,  1.00992040e+01
  1529,  1.01087060e+01
  1530,  1.01182080e+01
  1531,  1.01277090e+01
  1532,  1.01372090e+01
  1533,  1.01467090e+01
  1534,  1.01562090e+01
  1535,  1.01657080e+01
  1536,  1.01752070e+01
  1537,  1.01847050e+01
  1538,  1.01942030e+01
  1539,  1.02037000e+01
  1540,  1.02131970e+01
  1541,  1.02226930e+01
  1542,  1.02321890e+01
  1543,  1.02416850e+01
  1544,  1.02511800e+01
  1545,  1.02606740e+01
  1546,  1.02701680e+01
  1547,  1.02796620e+01
  1548,  1.02891550e+01
  1549,  1.02986480e+01
  1550,  1.03081400e+01
  1551,  1.03176320e+01
  1552,  1.03271240e+01
  1553,  1.03366150e+01
  1554,  1.03461050e+01
  1555,  1.03555950e+01
  1556,  1.03650850e+01
  1557,  1.03745740e+01
  1558,  1.03840630e+01
  1559,  1.03935510e+01
  1560,  1.04030390e+01
  1561,  1.04125270e+01
  1562,  1.04220140e+01
  1563,  1.04315010e+01
  1564,  1.04409870e+01
  1565,  1.04504730e+01
  1566,  1.04599580e+01
  1567,  1.04694430e+01
  1568,  1.04789270e+01
  1569,  1.04884110e+01
  1570,  1.04978950e+01
  1571,  1.05073780e+01
  1572,  1.05168610e+01
  1573,  1.05263430e+01
  1574,  1.05358250e+01
  1575,  1.05453070e+01
  1576,  1.05547880e+01
  1577,  1.05642690e+01
  1578,  1.05737490e+01
  1579,  1.05832290e+01
  1580,  1.05927080e+01
  1581,  1.06021870e+01
  1582,  1.06116660e+01
  1583,  1.06211440e+01
  1584,  1.06306220e+01
  1585,  1.06400990e+01
  1586,  1.06495760e+01
  1587,  1.06590520e+01
  1588,  1.06685290e+01
  1589,  1.06780040e+01
  1590,  1.06874800e+01
  1591,  1.06969550e+01
  1592,  1.07064290e+01
  1593,  1.07159030e+01
  1594,  1.07253770e+01
  1595,  1.07348500e+01
  1596,  1.07443230e+01
  1597,  1.07537960e+01
  1598,  1.07632680e+01
  1599,  1.07727390e+01
  1600,  1.07822110e+01
  1601,  1.07916820e+01
  1602,  1.08011520e+01
  1603,  1.08106220e+01
  1604,  1.08200920e+01
  1605,  1.08295610e+01
  1606,  1.08390300e+01
  1607,  1.08484990e+01
  1608,  1.08579670e+01
  1609,  1.08674350e+01
  1610,  1.08769020e+01
  1611,  1.08863690e+01
  1612,  1.08958360e+01
  1613,  1.09053020e+01
  1614,  1.09147680e+01
  1615,  1.09242330e+01
  1616,  1.09336980e+01
  1617,  1.09431630e+01
  1618,  1.09526280e+01
  1619,  1.09620920e+01
  1620,  1.09715550e+01
  1621,  1.09810180e+01
  1622,  1.09904810e+01
  1623,  1.09999440e+01
  1624,  1.10094060e+01
  1625,  1.10188670e+01
  1626,  1.10283290e+01
  1627,  1.10377900e+01
  1628,  1.10472500e+01
  1629,  1.10567110e+01
  1630,  1.10661710e+01
  1631,  1.10756300e+01
  1632,  1.10850890e+01
  1633,  1.10945480e+01
  1634,  1.11040060e+01
  1635,  1.11134640e+01
  1636,  1.11229220e+01
  1637,  1.11323790e+01
  1638,  1.11418360e+01
  1639,  1.11512930e+01
  1640,  1.11607490e+01
  1641,  1.11702050e+01
  1642,  1.11796610e+01
  1643,  1.11891160e+01
  1644,  1.11985710e+01
  1645,  1.12080250e+01
  1646,  1.12174790e+01
  1647,  1.12269330e+01
  1648,  1.12363870e+01
  1649,  1.12458400e+01
  1650,  1.12552930e+01
  1651,  1.12647450e+01
  1652,  1.12741970e+01
  1653,  1.12836490e+01
  1654,  1.12931000e+01
  1655,  1.13025510e+01
  1656,  1.13120020e+01
  1657,  1.13214520e+01
  1658,  1.13309020e+01
  1659,  1.13403520e+01
  1660,  1.13498010e+01
  1661,  1.13592500e+01
  1662,  1.13686990e+01
  1663,  1.13781470e+01
  1664,  1.13875950e+01
  1665,  1.13970430e+01
  1666,  1.14064900e+01
  1667,  1.14159370e+01
  1668,  1.14253840e+01
  1669,  1.14348300e+01
  1670,  1.14442760e+01
  1671,  1.14537220e+01
  1672,  1.14631670e+01
  1673,  1.14726120e+01
  1674,  1.14820570e+01
  1675,  1.14915010e+01
  1676,  1.15009450e+01
  1677,  1.15103890e+01
  1678,  1.15198320e+01
  1679,  1.15292750e+01
  1680,  1.15387180e+01
  1681,  1.15481610e+01
  1682,  1.15576030e+01
  1683,  1.15670450e+01
  1684,  1.15764860e+01
  1685,  1.15859270e+01
  1686,  1.15953680e+01
  1687,  1.16048090e+01
  1688,  1.16142490e+01
  1689,  1.16236890e+01
  1690,  1.16331290e+01
  1691,  1.16425680e+01
  1692,  1.16520070e+01
  1693,  1.16614460e+01
  1694,  1.16708840e+01
  1695,  1.16803220e+01
  1696,  1.16897600e+01
  1697,  1.16991980e+01
  1698,  1.17086350e+01
  1699,  1.17180720e+01
  1700,  1.17275080e+01
  1701,  1.17369450e+01
  1702,  1.17463810e+01
  1703,  1.17558160e+01
  1704,  1.17652520e+01
  1705,  1.17746870e+01
  1706,  1.17841220e+01
  1707,  1.17935560e+01
  1708,  1.18029910e+01
  1709,  1.18124240e+01
  1710,  1.18218580e+01
  1711,  1.18312920e+01
  1712,  1.18407250e+01
  1713,  1.18501570e+01
  1714,  1.18595900e+01
  1715,  1.18690220e+01
  1716,  1.18784540e+01
  1717,  1.18878860e+01
  1718,  1.18973170e+01
  1719,  1.19067480e+01
  1720,  1.19161790e+01
  1721,  1.19256100e+01
  1722,  1.19350400e+01
  1723,  1.19444700e+01
  1724,  1.19539000e+01
  1725,  1.19633290e+01
  1726,  1.19727580e+01
  1727,  1.19821870e+01
  1728,  1.19916160e+01
  1729,  1.20010440e+01
  1730,  1.20104720e+01
  1731,  1.20199000e+01
  1732,  1.20293280e+01
  1733,  1.20387550e+01
  1734,  1.20481820e+01
  1735,  1.20576090e+01
  1736,  1.20670350e+01
  1737,  1.20764610e+01
  1738,  1.20858870e+01
  1739,  1.20953130e+01
  1740,  1.21047380e+01
  1741,  1.21141630e+01
  1742,  1.21235880e+01
  1743,  1.21330130e+01
  1744,  1.21424370e+01
  1745,  1.21518620e+01
  1746,  1.21612850e+01
  1747,  1.21707090e+01
  1748,  1.21801320e+01
  1749,  1.21895550e+01
  1750,  1.21989780e+01
  1751,  1.22084010e+01
  1752,  1.22178230e+01
  1753,  1.22272450e+01
  1754,  1.22366670e+01
  1755,  1.22460890e+01
  1756,  1.22555100e+01
  1757,  1.22649310e+01
  1758,  1.22743520e+01
  1759,  1.22837730e+01
  1760,  1.22931930e+01
  1761,  1.23026130e+01
  1762,  1.23120330e+01
  1763,  1.23214530e+01
  1764,  1.23308730e+01
  1765,  1.23402920e+01
  1766,  1.23497110e+01
  1767,  1.23591290e+01
  1768,  1.23685480e+01
  1769,  1.23779660e+01
  1770,  1.23873840e+01
  1771,  1.23968020e+01
  1772,  1.24062200e+01
  1773,  1.24156370e+01
  1774,  1.24250540e+01
  1775,  1.24344710e+01
  1776,  1.24438870e+01
  1777,  1.24533040e+01
  1778,  1.24627200e+01
  1779,  1.24721360e+01
  1780,  1.24815520e+01
  1781,  1.24909670e+01
  1782,  1.25003830e+01
  1783,  1.25097980e+01
  1784,  1.25192130e+01
  1785,  1.25286270e+01
  1786,  1.25380420e+01
  1787,  1.25474560e+01
  1788,  1.25568700e+01
  1789,  1.25662840e+01
  1790,  1.25756970e+01
  1791,  1.25851110e+01
  1792,  1.25945240e+01
  1793,  1.26039370e+01
  1794,  1.26133490e+01
  1795,  1.26227620e+01
  1796,  1.26321740e+01
  1797,  1.26415860e+01
  1798,  1.26509980e+01
  1799,  1.26604100e+01
  1800,  1.26698210e+01
  1801,  1.26792320e+01
  1802,  1.26886440e+01
  1803,  1.26980540e+01
  1804,  1.27074650e+01
  1805,  1.27168760e+01
  1806,  1.27262860e+01
  1807,  1.27356960e+01
  1808,  1.27451060e+01
  1809,  1.27545150e+01
  1810,  1.27639250e+01
  1811,  1.27733340e+01
  1812,  1.27827430e+01
  1813,  1.27921520e+01
  1814,  1.28015610e+01
  1815,  1.28109690e+01
  1816,  1.28203780e+01
  1817,  1.28297860e+01
  1818,  1.28391940e+01
  1819,  1.28486010e+01
  1820,  1.28580090e+01
  1821,  1.28674160e+01
  1822,  1.28768240e+01
  1823,  1.28862310e+01
  1824,  1.28956370e+01
  1825,  1.29050440e+01
  1826,  1.29144510e+01
  1827,  1.29238570e+01
  1828,  1.29332630e+01
  1829,  1.29426690e+01
  1830,  1.29520750e+01
  1831,  1.29614800e+01
  1832,  1.29708860e+01
  1833,  1.29802910e+01
  1834,  1.29896960e+01
  1835,  1.29991010e+01
  1836,  1.30085050e+01
  1837,  1.30179100e+01
  1838,  1.30273140e+01
  1839,  1.30367190e+01
  1840,  1.30461230e+01
  1841,  1.30555260e+01
  1842,  1.30649300e+01
  1843,  1.30743340e+01
  1844,  1.30837370e+01
  1845,  1.30931400e+01
  1846,  1.31025430e+01
  1847,  1.31119460e+01
  1848,  1.31213490e+01
  1849,  1.31307510e+01
  1850,  1.31401540e+01
  1851,  1.31495560e+01
  1852,  1.31589580e+01
  1853,  1.31683600e+01
  1854,  1.31777620e+01
  1855,  1.31871640e+01
  1856,  1.31965650e+01
  1857,  1.32059660e+01
  1858,  1.32153670e+01
  1859,  1.32247680e+01
  1860,  1.32341690e+01
  1861,  1.32435700e+01
  1862,  1.32529710e+01
  1863,  1.32623710e+01
  1864,  1.32717710e+01
  1865,  1.32811710e+01
  1866,  1.32905710e+01
  1867,  1.32999710e+01
  1868,  1.33093710e+01
  1869,  1.33187710e+01
  1870,  1.33281700e+01
  1871,  1.33375690e+01
  1872,  1.33469680e+01
  1873,  1.33563670e+01
  1874,  1.33657660e+01
  1875,  1.33751650e+01
  1876,  1.33845640e+01
  1877,  1.33939620e+01
  1878,  1.34033600e+01
  1879,  1.34127590e+01
  1880,  1.34221570e+01
  1881,  1.34315550e+01
  1882,  1.34409520e+01
  1883,  1.34503500e+01
  1884,  1.34597480e+01
  1885,  1.34691450e+01
  1886,  1.34785420e+01
  1887,  1.34879390e+01
  1888,  1.34973370e+01
  1889,  1.35067330e+01
  1890,  1.35161300e+01
  1891,  1.35255270e+01
  1892,  1.35349230e+01
  1893,  1.35443200e+01
  1894,  1.35537160e+01
  1895,  1.35631120e+01
  1896,  1.35725090e+01
  1897,  1.35819050e+01
  1898,  1.35913000e+01
  1899,  1.36006960e+01
  1900,  1.36100920e+01
  1901,  1.36194870e+01
  1902,  1.36288830e+01
  1903,  1.36382780e+01
  1904,  1.36476730e+01
  1905,  1.36570680e+01
  1906,  1.36664630e+01
  1907,  1.36758580e+01
  1908,  1.36852530e+01
  1909,  1.36946480e+01
  1910,  1.37040420e+01
  1911,  1.37134370e+01
  1912,  1.37228310e+01
  1913,  1.37322250e+01
  1914,  1.37416190e+01
  1915,  1.37510130e+01
  1916,  1.37604070e+01
  1917,  1.37698010e+01
  1918,  1.37791950e+01
  1919,  1.37885880e+01
  1920,  1.37979820e+01
  1921,  1.38073760e+01
  1922,  1.38167690e+01
  1923,  1.38261620e+01
  1924,  1.38355550e+01
  1925,  1.38449480e+01
  1926,  1.38543410e+01
  1927,  1.38637340e+01
  1928,  1.38731270e+01
  1929,  1.38825200e+01
  1930,  1.38919130e+01
  1931,  1.39013050e+01
  1932,  1.39106980e+01
  1933,  1.39200900e+01
  1934,  1.39294820e+01
  1935,  1.39388750e+01
  1936,  1.39482670e+01
  1937,  1.39576590e+01
  1938,  1.39670510e+01
  1939,  1.39764430e+01
  1940,  1.39858350e+01
  1941,  1.39952270e+01
  1942,  1.40046180e+01
  1943,  1.40140100e+01
  1944,  1.40234010e+01
  1945,  1.40327930e+01
  1946,  1.40421840e+01
  1947,  1.40515760e+01
  1948,  1.40609670e+01
  1949,  1.40703580e+01
  1950,  1.40797490e+01
  1951,  1.40891400e+01
  1952,  1.40985310e+01
  1953,  1.41079220e+01
  1954,  1.41173130e+01
  1955,  1.41267040e+01
  1956,  1.41360950e+01
  1957,  1.41454850e+01
  1958,  1.41548760e+01
  1959,  1.41642670e+01
  1960,  1.41736570e+01
  1961,  1.41830480e+01
  1962,  1.41924380e+01
  1963,  1.42018280e+01
  1964,  1.42112190e+01
  1965,  1.42206090e+01
  1966,  1.42299990e+01
  1967,  1.42393890e+01
  1968,  1.42487790e+01
  1969,  1.42581690e+01
  1970,  1.42675590e+01
  1971,  1.42769490e+01
  1972,  1.42863390e+01
  1973,  1.42957290e+01
  1974,  1.43051190e+01
  1975,  1.43145080e+01
  1976,  1.43238980e+01
  1977,  1.43332880e+01
  1978,  1.43426770e+01
  1979,  1.43520670e+01
  1980,  1.43614560e+01
  1981,  1.43708460e+01
  1982,  1.43802350e+01
  1983,  1.43896250e+01
  1984,  1.43990140e+01
  1985,  1.44084030e+01
  1986,  1.44177930e+01
  1987,  1.44271820e+01
  1988,  1.44365710e+01
  1989,  1.44459600e+01
  1990,  1.44553490e+01
  1991,  1.44647390e+01
  1992,  1.44741280e+01
  1993,  1.44835170e+01
  1994,  1.44929060e+01
  1995,  1.45022950e+01
  1996,  1.45116840e+01
  1997,  1.45210730e+01
  1998,  1.45304620e+01
  1999,  1.45398510e+01
  2000,  1.45492400e+01
  2001,  1.45586280e+01
  2002,  1.45680170e+01
  2003,  1.45774060e+01
  2004,  1.45867950e+01
  2005,  1.45961840e+01
  2006,  1.46055730e+01
  2007,  1.46149610e+01
  2008,  1.46243500e+01
  2009,  1.46337390e+01
  2010,  1.46431270e+01
  2011,  1.46525160e+01
  2012,  1.46619050e+01
  2013,  1.46712940e+01
  2014,  1.46806820e+01
  2015,  1.46900710e+01
  2016,  1.46994600e+01
  2017,  1.47088480e+01
  2018,  1.47182370e+01
  2019,  1.47276250e+01
  2020,  1.47370140e+01
  2021,  1.47464030e+01
  2022,  1.47557910e+01
  2023,  1.47651800e+01
  2024,  1.47745690e+01
  2025,  1.47839570e+01
  2026,  1.47933460e+01
  2027,  1.48027340e+01
  2028,  1.48121230e+01
  2029,  1.48215120e+01
  2030,  1.48309000e+01
  2031,  1.48402890e+01
  2032,  1.48496780e+01
  2033,  1.48590660e+01
  2034,  1.48684550e+01
  2035,  1.48778440e+01
  2036,  1.48872320e+01
  2037,  1.48966210e+01
  2038,  1.49060100e+01
  2039,  1.49153980e+01
  2040,  1.49247870e+01
  2041,  1.49341760e+01
  2042,  1.49435640e+01
  2043,  1.49529530e+01
  2044,  1.49623420e+01
  2045,  1.49717310e+01
  2046,  1.49811200e+01
  2047,  1.49905080e+01
  2048,  1.49998970e+01
  2049,  1.50092860e+01
  2050,  1.50186750e+01
  2051,  1.50280640e+01
  2052,  1.50374530e+01
  2053,  1.50468420e+01
  2054,  1.50562310e+01
  2055,  1.50656200e+01
  2056,  1.50750090e+01
  2057,  1.50843980e+01
  2058,  1.50937870e+01
  2059,  1.51031760e+01
  2060,  1.51125650e+01
  2061,  1.51219550e+01
  2062,  1.51313440e+01
  2063,  1.51407330e+01
  2064,  1.51501220e+01
  2065,  1.51595120e+01
  2066,  1.51689010e+01
  2067,  1.51782900e+01
  2068,  1.51876800e+01
  2069,  1.51970690e+01
  2070,  1.52064590e+01
  2071,  1.52158480e+01
  2072,  1.52252380e+01
  2073,  1.52346280e+01
  2074,  1.52440170e+01
  2075,  1.52534070e+01
  2076,  1.52627970e+01
  2077,  1.52721870e+01
  2078,  1.52815770e+01
  2079,  1.52909670e+01
  2080,  1.53003570e+01
  2081,  1.53097470e+01
  2082,  1.53191370e+01
  2083,  1.53285270e+01
  2084,  1.53379170e+01
  2085,  1.53473070e+01
  2086,  1.53566970e+01
  2087,  1.53660880e+01
  2088,  1.53754780e+01
  2089,  1.53848690e+01
  2090,  1.53942590e+01
  2091,  1.54036500e+01
  2092,  1.54130400e+01
  2093,  1.54224310e+01
  2094,  1.54318220e+01
  2095,  1.54412120e+01
  2096,  1.54506030e+01
  2097,  1.54599940e+01
  2098,  1.54693850e+01
  2099,  1.54787760e+01
  2100,  1.54881670e+01
  2101,  1.54975590e+01
  2102,  1.55069500e+01
  2103,  1.55163410e+01
  2104,  1.55257330e+01
  2105,  1.55351240e+01
  2106,  1.55445160e+01
  2107,  1.55539070e+01
  2108,  1.55632990e+01
  2109,  1.55726910e+01
  2110,  1.55820820e+01
  2111,  1.55914740e+01
  2112,  1.56008660e+01
  2113,  1.56102580e+01
  2114,  1.56196510e+01
  2115,  1.56290430e+01
  2116,  1.56384350e+01
  2117,  1.56478270e+01
  2118,  1.56572200e+01
  2119,  1.56666120e+01
  2120,  1.56760050e+01
  2121,  1.56853980e+01
  2122,  1.56947910e+01
  2123,  1.57041840e+01
  2124,  1.57135770e+01
  2125,  1.57229700e+01
  2126,  1.57323630e+01
  2127,  1.57417560e+01
  2128,  1.57511490e+01
  2129,  1.57605430e+01
  2130,  1.57699360e+01
  2131,  1.57793300e+01
  2132,  1.57887240e+01
  2133,  1.57981170e+01
  2134,  1.58075110e+01
  2135,  1.58169050e+01
  2136,  1.58262990e+01
  2137,  1.58356940e+01
  2138,  1.58450880e+01
  2139,  1.58544820e+01
  2140,  1.58638770e+01
  2141,  1.58732710e+01
  2142,  1.58826660e+01
  2143,  1.58920610e+01
  2144,  1.59014560e+01
  2145,  1.59108510e+01
  2146,  1.59202460e+01
  2147,  1.59296410e+01
  2148,  1.59390370e+01
  2149,  1.59484320e+01
  2150,  1.59578280e+01
  2151,  1.59672230e+01
  2152,  1.59766190e+01
  2153,  1.59860150e+01
  2154,  1.59954110e+01
  2155,  1.60048070e+01
  2156,  1.60142030e+01
  2157,  1.60236000e+01
  2158,  1.60329960e+01
  2159,  1.60423930e+01
  2160,  1.60517900e+01
  2161,  1.60611860e+01
  2162,  1.60705830e+01
  2163,  1.60799800e+01
  2164,  1.60893780e+01
  2165,  1.60987750e+01
  2166,  1.61081720e+01
  2167,  1.61175700e+01
  2168,  1.61269680e+01
  2169,  1.61363660e+01
  2170,  1.61457640e+01
  2171,  1.61551620e+01
  2172,  1.61645600e+01
  2173,  1.61739580e+01
  2174,  1.61833570e+01
  2175,  1.61927550e+01
  2176,  1.62021540e+01
  2177,  1.62115530e+01
  2178,  1.62209520e+01
  2179,  1.62303510e+01
  2180,  1.62397500e+01
  2181,  1.62491500e+01
  2182,  1.62585490e+01
  2183,  1.62679490e+01
  2184,  1.62773490e+01
  2185,  1.62867490e+01
  2186,  1.62961490e+01
  2187,  1.63055490e+01
  2188,  1.63149500e+01
  2189,  1.63243500e+01
  2190,  1.63337510e+01
  2191,  1.63431520e+01
  2192,  1.63525530e+01
  2193,  1.63619540e+01
  2194,  1.63713550e+01
  2195,  1.63807570e+01
  2196,  1.63901590e+01
  2197,  1.63995600e+01
  2198,  1.64089620e+01
  2199,  1.64183640e+01
  2200,  1.64277670e+01
  2201,  1.64371690e+01
  2202,  1.64465710e+01
  2203,  1.64559740e+01
  2204,  1.64653770e+01
  2205,  1.64747800e+01
  2206,  1.64841830e+01
  2207,  1.64935860e+01
  2208,  1.65029900e+01
  2209,  1.65123940e+01
  2210,  1.65217970e+01
  2211,  1.65312010e+01
  2212,  1.65406060e+01
  2213,  1.65500100e+01
  2214,  1.65594140e+01
  2215,  1.65688190e+01
  2216,  1.65782240e+01
  2217,  1.65876290e+01
  2218,  1.65970340e+01
  2219,  1.66064390e+01
  2220,  1.66158450e+01
  2221,  1.66252510e+01
  2222,  1.66346560e+01
  2223,  1.66440620e+01
  2224,  1.66534690e+01
  2225,  1.66628750e+01
  2226,  1.66722820e+01
  2227,  1.66816880e+01
  2228,  1.66910950e+01
  2229,  1.67005020e+01
  2230,  1.67099100e+01
  2231,  1.67193170e+01
  2232,  1.67287250e+01
  2233,  1.67381320e+01
  2234,  1.67475410e+01
  2235,  1.67569490e+01
  2236,  1.67663570e+01
  2237,  1.67757660e+01
  2238,  1.67851740e+01
  2239,  1.67945830e+01
  2240,  1.68039930e+01
  2241,  1.68134020e+01
  2242,  1.68228110e+01
  2243,  1.68322210e+01
  2244,  1.68416310e+01
  2245,  1.68510410e+01
  2246,  1.68604510e+01
  2247,  1.68698620e+01
  2248,  1.68792730e+01
  2249,  1.68886830e+01
  2250,  1.68980950e+01
  2251,  1.69075060e+01
  2252,  1.69169170e+01
  2253,  1.69263290e+01
  2254,  1.69357410e+01
  2255,  1.69451530e+01
  2256,  1.69545650e+01
  2257,  1.69639780e+01
  2258,  1.69733910e+01
  2259,  1.69828030e+01
  2260,  1.69922170e+01
  2261,  1.70016300e+01
  2262,  1.70110430e+01
  2263,  1.70204570e+01
  2264,  1.70298710e+01
  2265,  1.70392850e+01
  2266,  1.70487000e+01
  2267,  1.70581140e+01
  2268,  1.70675290e+01
  2269,  1.70769440e+01
  2270,  1.70863590e+01
  2271,  1.70957750e+01
  2272,  1.71051910e+01
  2273,  1.71146060e+01
  2274,  1.71240230e+01
  2275,  1.71334390e+01
  2276,  1.71428560e+01
  2277,  1.71522720e+01
  2278,  1.71616890e+01
  2279,  1.71711070e+01
  2280,  1.71805240e+01
  2281,  1.71899420e+01
  2282,  1.71993600e+01
  2283,  1.72087780e+01
  2284,  1.72181960e+01
  2285,  1.72276150e+01
  2286,  1.72370340e+01
  2287,  1.72464530e+01
  2288,  1.72558720e+01
  2289,  1.72652920e+01
  2290,  1.72747110e+01
  2291,  1.72841310e+01
  2292,  1.72935520e+01
  2293,  1.73029720e+01
  2294,  1.73123930e+01
  2295,  1.73218140e+01
  2296,  1.73312350e+01
  2297,  1.73406560e+01
  2298,  1.73500780e+01
  2299,  1.73595000e+01
  2300,  1.73689220e+01
  2301,  1.73783440e+01
  2302,  1.73877670e+01
  2303,  1.73971900e+01
  2304,  1.74066130e+01
  2305,  1.74160370e+01
  2306,  1.74254600e+01
  2307,  1.74348840e+01
  2308,  1.74443080e+01
  2309,  1.74537330e+01
  2310,  1.74631570e+01
  2311,  1.74725820e+01
  2312,  1.74820070e+01
  2313,  1.74914330e+01
  2314,  1.75008580e+01
  2315,  1.75102840e+01
  2316,  1.75197100e+01
  2317,  1.75291370e+01
  2318,  1.75385640e+01
  2319,  1.75479900e+01
  2320,  1.75574180e+01
  2321,  1.75668450e+01
  2322,  1.75762730e+01
  2323,  1.75857010e+01
  2324,  1.75951290e+01
  2325,  1.76045580e+01
  2326,  1.76139860e+01
  2327,  1.76234160e+01
  2328,  1.76328450e+01
  2329,  1.76422740e+01
  2330,  1.76517040e+01
  2331,  1.76611340e+01
  2332,  1.76705650e+01
  2333,  1.76799960e+01
  2334,  1.76894260e+01
  2335,  1.76988580e+01
  2336,  1.77082890e+01
  2337,  1.77177210e+01
  2338,  1.77271530e+01
  2339,  1.77365850e+01
  2340,  1.77460180e+01
  2341,  1.77554510e+01
  2342,  1.77648840e+01
  2343,  1.77743180e+01
  2344,  1.77837510e+01
  2345,  1.77931850e+01
  2346,  1.78026200e+01
  2347,  1.78120540e+01
  2348,  1.78214890e+01
  2349,  1.78309240e+01
  2350,  1.78403600e+01
  2351,  1.78497950e+01
  2352,  1.78592310e+01
  2353,  1.78686680e+01
  2354,  1.78781040e+01
  2355,  1.78875410e+01
  2356,  1.78969780e+01
  2357,  1.79064160e+01
  2358,  1.79158540e+01
  2359,  1.79252920e+01
  2360,  1.79347300e+01
  2361,  1.79441690e+01
  2362,  1.79536080e+01
  2363,  1.79630470e+01
  2364,  1.79724870e+01
  2365,  1.79819260e+01
  2366,  1.79913670e+01
  2367,  1.80008070e+01
  2368,  1.80102480e+01
  2369,  1.80196890e+01
  2370,  1.80291300e+01
  2371,  1.80385720e+01
  2372,  1.80480140e+01
  2373,  1.80574560e+01
  2374,  1.80668990e+01
  2375,  1.80763420e+01
  2376,  1.80857850e+01
  2377,  1.80952290e+01
  2378,  1.81046720e+01
  2379,  1.81141170e+01
  2380,  1.81235610e+01
  2381,  1.81330060e+01
  2382,  1.81424510e+01
  2383,  1.81518960e+01
  2384,  1.81613420e+01
  2385,  1.81707880e+01
  2386,  1.81802350e+01
  2387,  1.81896810e+01
  2388,  1.81991280e+01
  2389,  1.82085760e+01
  2390,  1.82180230e+01
  2391,  1.82274710e+01
  2392,  1.82369200e+01
  2393,  1.82463680e+01
  2394,  1.82558170e+01
  2395,  1.82652660e+01
  2396,  1.82747160e+01
  2397,  1.82841660e+01
  2398,  1.82936160e+01
  2399,  1.83030670e+01
  2400,  1.83125180e+01
  2401,  1.83219690e+01
  2402,  1.83314210e+01
  2403,  1.83408730e+01
  2404,  1.83503250e+01
  2405,  1.83597780e+01
  2406,  1.83692310e+01
  2407,  1.83786840e+01
  2408,  1.83881380e+01
  2409,  1.83975920e+01
  2410,  1.84070460e+01
  2411,  1.84165000e+01
  2412,  1.84259550e+01
  2413,  1.84354110e+01
  2414,  1.84448670e+01
  2415,  1.84543230e+01
  2416,  1.84637790e+01
  2417,  1.84732360e+01
  2418,  1.84826930e+01
  2419,  1.84921500e+01
  2420,  1.85016080e+01
  2421,  1.85110660e+01
  2422,  1.85205250e+01
  2423,  1.85299830e+01
  2424,  1.85394430e+01
  2425,  1.85489020e+01
  2426,  1.85583620e+01
  2427,  1.85678220e+01
  2428,  1.85772830e+01
  2429,  1.85867440e+01
  2430,  1.85962050e+01
  2431,  1.86056670e+01
  2432,  1.86151290e+01
  2433,  1.86245910e+01
  2434,  1.86340540e+01
  2435,  1.86435170e+01
  2436,  1.86529810e+01
  2437,  1.86624440e+01
  2438,  1.86719090e+01
  2439,  1.86813730e+01
  2440,  1.86908380e+01
  2441,  1.87003030e+01
  2442,  1.87097690e+01
  2443,  1.87192350e+01
  2444,  1.87287020e+01
  2445,  1.87381680e+01
  2446,  1.87476360e+01
  2447,  1.87571030e+01
  2448,  1.87665710e+01
  2449,  1.87760390e+01
  2450,  1.87855080e+01
  2451,  1.87949770e+01
  2452,  1.88044470e+01
  2453,  1.88139160e+01
  2454,  1.88233870e+01
  2455,  1.88328570e+01
  2456,  1.88423280e+01
  2457,  1.88517990e+01
  2458,  1.88612710e+01
  2459,  1.88707430e+01
  2460,  1.88802160e+01
  2461,  1.88896890e+01
  2462,  1.88991620e+01
  2463,  1.89086360e+01
  2464,  1.89181100e+01
  2465,  1.89275840e+01
  2466,  1.89370590e+01
  2467,  1.89465340e+01
  2468,  1.89560100e+01
  2469,  1.89654860e+01
  2470,  1.89749620e+01
  2471,  1.89844390e+01
  2472,  1.89939160e+01
  2473,  1.90033940e+01
  2474,  1.90128720e+01
  2475,  1.90223500e+01
  2476,  1.90318290e+01
  2477,  1.90413080e+01
  2478,  1.90507880e+01
  2479,  1.90602680e+01
  2480,  1.90697480e+01
  2481,  1.90792290e+01
  2482,  1.90887100e+01
  2483,  1.90981910e+01
  2484,  1.91076740e+01
  2485,  1.91171560e+01
  2486,  1.91266390e+01
  2487,  1.91361220e+01
  2488,  1.91456060e+01
  2489,  1.91550900e+01
  2490,  1.91645740e+01
  2491,  1.91740590e+01
  2492,  1.91835440e+01
  2493,  1.91930300e+01
  2494,  1.92025160e+01
  2495,  1.92120030e+01
  2496,  1.92214900e+01
  2497,  1.92309770e+01
  2498,  1.92404650e+01
  2499,  1.92499530e+01
  2500,  1.92594420e+01
  2501,  1.92689310e+01
  2502,  1.92784200e+01
  2503,  1.92879100e+01
  2504,  1.92974010e+01
  2505,  1.93068910e+01
  2506,  1.93163830e+01
  2507,  1.93258740e+01
  2508,  1.93353660e+01
  2509,  1.93448590e+01
  2510,  1.93543520e+01
  2511,  1.93638450e+01
  2512,  1.93733390e+01
  2513,  1.93828330e+01
  2514,  1.93923280e+01
  2515,  1.94018230e+01
  2516,  1.94113180e+01
  2517,  1.94208140e+01
  2518,  1.94303110e+01
  2519,  1.94398070e+01
  2520,  1.94493050e+01
  2521,  1.94588020e+01
  2522,  1.94683000e+01
  2523,  1.94777990e+01
  2524,  1.94872980e+01
  2525,  1.94967980e+01
  2526,  1.95062970e+01
  2527,  1.95157980e+01
  2528,  1.95252990e+01
  2529,  1.95348000e+01
  2530,  1.95443020e+01
  2531,  1.95538040e+01
  2532,  1.95633060e+01
  2533,  1.95728090e+01
  2534,  1.95823130e+01
  2535,  1.95918170e+01
  2536,  1.96013210e+01
  2537,  1.96108260e+01
  2538,  1.96203320e+01
  2539,  1.96298370e+01
  2540,  1.96393440e+01
  2541,  1.96488500e+01
  2542,  1.96583570e+01
  2543,  1.96678650e+01
  2544,  1.96773730e+01
  2545,  1.96868820e+01
  2546,  1.96963910e+01
  2547,  1.97059000e+01
  2548,  1.97154100e+01
  2549,  1.97249210e+01
  2550,  1.97344310e+01
  2551,  1.97439430e+01
  2552,  1.97534550e+01
  2553,  1.97629670e+01
  2554,  1.97724800e+01
  2555,  1.97819930e+01
  2556,  1.97915060e+01
  2557,  1.98010210e+01
  2558,  1.98105350e+01
  2559,  1.98200500e+01
  2560,  1.98295660e+01
  2561,  1.98390820e+01
  2562,  1.98485990e+01
  2563,  1.98581160e+01
  2564,  1.98676330e+01
  2565,  1.98771510e+01
  2566,  1.98866700e+01
  2567,  1.98961880e+01
  2568,  1.99057080e+01
  2569,  1.99152280e+01
  2570,  1.99247480e+01
  2571,  1.99342690e+01
  2572,  1.99437900e+01
  2573,  1.99533120e+01
  2574,  1.99628350e+01
  2575,  1.99723580e+01
  2576,  1.99818810e+01
  2577,  1.99914050e+01
  2578,  2.00009290e+01
  2579,  2.00104540e+01
  2580,  2.00199790e+01
  2581,  2.00295050e+01
  2582,  2.00390310e+01
  2583,  2.00485580e+01
  2584,  2.00580850e+01
  2585,  2.00676130e+01
  2586,  2.00771410e+01
  2587,  2.00866700e+01
  2588,  2.00961990e+01
  2589,  2.01057290e+01
  2590,  2.01152590e+01
  2591,  2.01247900e+01
  2592,  2.01343210e+01
  2593,  2.01438530e+01
  2594,  2.01533860e+01
  2595,  2.01629180e+01
  2596,  2.01724520e+01
  2597,  2.01819860e+01
  2598,  2.01915200e+01
  2599,  2.02010550e+01
  2600,  2.02105900e+01
  2601,  2.02201260e+01
  2602,  2.02296620e+01
  2603,  2.02391990e+01
  2604,  2.02487370e+01
  2605,  2.02582750e+01
  2606,  2.02678130e+01
  2607,  2.02773520e+01
  2608,  2.02868920e+01
  2609,  2.02964320e+01
  2610,  2.03059720e+01
  2611,  2.03155130e+01
  2612,  2.03250550e+01
  2613,  2.03345970e+01
  2614,  2.03441400e+01
  2615,  2.03536830e+01
  2616,  2.03632260e+01
  2617,  2.03727710e+01
  2618,  2.03823150e+01
  2619,  2.03918610e+01
  2620,  2.04014070e+01
  2621,  2.04109530e+01
  2622,  2.04205000e+01
  2623,  2.04300470e+01
  2624,  2.04395950e+01
  2625,  2.04491440e+01
  2626,  2.04586930e+01
  2627,  2.04682420e+01
  2628,  2.04777920e+01
  2629,  2.04873430e+01
  2630,  2.04968940e+01
  2631,  2.05064460e+01
  2632,  2.05159980e+01
  2633,  2.05255510e+01
  2634,  2.05351040e+01
  2635,  2.05446580e+01
  2636,  2.05542120e+01
  2637,  2.05637670e+01
  2638,  2.05733230e+01
  2639,  2.05828790e+01
  2640,  2.05924360e+01
  2641,  2.06019930e+01
  2642,  2.06115510e+01
  2643,  2.06211090e+01
  2644,  2.06306680e+01
  2645,  2.06402270e+01
  2646,  2.06497870e+01
  2647,  2.06593470e+01
  2648,  2.06689090e+01
  2649,  2.06784700e+01
  2650,  2.06880320e+01
  2651,  2.06975950e+01
  2652,  2.07071580e+01
  2653,  2.07167220e+01
  2654,  2.07262870e+01
  2655,  2.07358520e+01
  2656,  2.07454170e+01
  2657,  2.07549830e+01
  2658,  2.07645500e+01
  2659,  2.07741170e+01
  2660,  2.07836850e+01
  2661,  2.07932530e+01
  2662,  2.08028220e+01
  2663,  2.08123920e+01
  2664,  2.08219620e+01
  2665,  2.08315320e+01
  2666,  2.08411040e+01
  2667,  2.08506750e+01
  2668,  2.08602480e+01
  2669,  2.08698210e+01
  2670,  2.08793940e+01
  2671,  2.08889680e+01
  2672,  2.08985430e+01
  2673,  2.09081180e+01
  2674,  2.09176940e+01
  2675,  2.09272710e+01
  2676,  2.09368480e+01
  2677,  2.09464250e+01
  2678,  2.09560030e+01
  2679,  2.09655820e+01
  2680,  2.09751620e+01
  2681,  2.09847420e+01
  2682,  2.09943220e+01
  2683,  2.10039030e+01
  2684,  2.10134850e+01
  2685,  2.10230670e+01
  2686,  2.10326500e+01
  2687,  2.10422340e+01
  2688,  2.10518180e+01
  2689,  2.10614020e+01
  2690,  2.10709880e+01
  2691,  2.10805730e+01
  2692,  2.10901600e+01
  2693,  2.10997470e+01
  2694,  2.11093350e+01
  2695,  2.11189230e+01
  2696,  2.11285120e+01
  2697,  2.11381010e+01
  2698,  2.11476910e+01
  2699,  2.11572820e+01
  2700,  2.11668730e+01
  2701,  2.11764650e+01
  2702,  2.11860580e+01
  2703,  2.11956510e+01
  2704,  2.12052440e+01
  2705,  2.12148390e+01
  2706,  2.12244340e+01
  2707,  2.12340290e+01
  2708,  2.12436250e+01
  2709,  2.12532220e+01
  2710,  2.12628200e+01
  2711,  2.12724180e+01
  2712,  2.12820160e+01
  2713,  2.12916150e+01
  2714,  2.13012150e+01
  2715,  2.13108160e+01
  2716,  2.13204170e+01
  2717,  2.13300190e+01
  2718,  2.13396210e+01
  2719,  2.13492240e+01
  2720,  2.13588270e+01
  2721,  2.13684320e+01
  2722,  2.13780360e+01
  2723,  2.13876420e+01
  2724,  2.13972480e+01
  2725,  2.14068550e+01
  2726,  2.14164620e+01
  2727,  2.14260700e+01
  2728,  2.14356790e+01
  2729,  2.14452880e+01
  2730,  2.14548980e+01
  2731,  2.14645080e+01
  2732,  2.14741190e+01
  2733,  2.14837310e+01
  2734,  2.14933440e+01
  2735,  2.15029570e+01
  2736,  2.15125700e+01
  2737,  2.15221850e+01
  2738,  2.15318000e+01
  2739,  2.15414150e+01
  2740,  2.15510320e+01
  2741,  2.15606490e+01
  2742,  2.15702660e+01
  2743,  2.15798840e+01
  2744,  2.15895030e+01
  2745,  2.15991230e+01
  2746,  2.16087430e+01
  2747,  2.16183640e+01
  2748,  2.16279850e+01
  2749,  2.16376070e+01
  2750,  2.16472300e+01
  2751,  2.16568530e+01
  2752,  2.16664770e+01
  2753,  2.16761020e+01
  2754,  2.16857270e+01
  2755,  2.16953530e+01
  2756,  2.17049800e+01
  2757,  2.17146070e+01
  2758,  2.17242350e+01
  2759,  2.17338640e+01
  2760,  2.17434930e+01
  2761,  2.17531230e+01
  2762,  2.17627540e+01
  2763,  2.17723850e+01
  2764,  2.17820170e+01
  2765,  2.17916500e+01
  2766,  2.18012830e+01
  2767,  2.18109170e+01
  2768,  2.18205520e+01
  2769,  2.18301870e+01
  2770,  2.18398230e+01
  2771,  2.18494600e+01
  2772,  2.18590970e+01
  2773,  2.18687350e+01
  2774,  2.18783740e+01
  2775,  2.18880130e+01
  2776,  2.18976530e+01
  2777,  2.19072940e+01
  2778,  2.19169360e+01
  2779,  2.19265780e+01
  2780,  2.19362200e+01
  2781,  2.19458640e+01
  2782,  2.19555080e+01
  2783,  2.19651530e+01
  2784,  2.19747980e+01
  2785,  2.19844450e+01
  2786,  2.19940910e+01
  2787,  2.20037390e+01
  2788,  2.20133870e+01
  2789,  2.20230360e+01
  2790,  2.20326860e+01
  2791,  2.20423360e+01
  2792,  2.20519870e+01
  2793,  2.20616390e+01
  2794,  2.20712910e+01
  2795,  2.20809440e+01
  2796,  2.20905980e+01
  2797,  2.21002530e+01
  2798,  2.21099080e+01
  2799,  2.21195640e+01
  2800,  2.21292200e+01
  2801,  2.21388780e+01
  2802,  2.21485360e+01
  2803,  2.21581940e+01
  2804,  2.21678540e+01
  2805,  2.21775140e+01
  2806,  2.21871750e+01
  2807,  2.21968360e+01
  2808,  2.22064980e+01
  2809,  2.22161610e+01
  2810,  2.22258250e+01
  2811,  2.22354890e+01
  2812,  2.22451550e+01
  2813,  2.22548200e+01
  2814,  2.22644870e+01
  2815,  2.22741540e+01
  2816,  2.22838220e+01
  2817,  2.22934910e+01
  2818,  2.23031600e+01
  2819,  2.23128300e+01
  2820,  2.23225010e+01
  2821,  2.23321720e+01
  2822,  2.23418450e+01
  2823,  2.23515180e+01
  2824,  2.23611910e+01
  2825,  2.23708660e+01
  2826,  2.23805410e+01
  2827,  2.23902170e+01
  2828,  2.23998930e+01
  2829,  2.24095710e+01
  2830,  2.24192490e+01
  2831,  2.24289280e+01
  2832,  2.24386070e+01
  2833,  2.24482870e+01
  2834,  2.24579680e+01
  2835,  2.24676500e+01
  2836,  2.24773330e+01
  2837,  2.24870160e+01
  2838,  2.24967000e+01
  2839,  2.25063840e+01
  2840,  2.25160700e+01
  2841,  2.25257560e+01
  2842,  2.25354430e+01
  2843,  2.25451300e+01
  2844,  2.25548190e+01
  2845,  2.25645080e+01
  2846,  2.25741980e+01
  2847,  2.25838880e+01
  2848,  2.25935800e+01
  2849,  2.26032720e+01
  2850,  2.26129650e+01
  2851,  2.26226580e+01
  2852,  2.26323530e+01
  2853,  2.26420480e+01
  2854,  2.26517440e+01
  2855,  2.26614400e+01
  2856,  2.26711380e+01
  2857,  2.26808360e+01
  2858,  2.26905350e+01
  2859,  2.27002340e+01
  2860,  2.27099350e+01
  2861,  2.27196360e+01
  2862,  2.27293380e+01
  2863,  2.27390410e+01
  2864,  2.27487440e+01
  2865,  2.27584480e+01
  2866,  2.27681530e+01
  2867,  2.27778590e+01
  2868,  2.27875660e+01
  2869,  2.27972730e+01
  2870,  2.28069810e+01
  2871,  2.28166900e+01
  2872,  2.28263990e+01
  2873,  2.28361100e+01
  2874,  2.28458210e+01
  2875,  2.28555330e+01
  2876,  2.28652450e+01
  2877,  2.28749590e+01
  2878,  2.28846730e+01
  2879,  2.28943880e+01
  2880,  2.29041040e+01
  2881,  2.29138210e+01
  2882,  2.29235380e+01
  2883,  2.29332560e+01
  2884,  2.29429750e+01
  2885,  2.29526950e+01
  2886,  2.29624150e+01
  2887,  2.29721360e+01
  2888,  2.29818590e+01
  2889,  2.29915810e+01
  2890,  2.30013050e+01
  2891,  2.30110290e+01
  2892,  2.30207550e+01
  2893,  2.30304810e+01
  2894,  2.30402080e+01
  2895,  2.30499350e+01
  2896,  2.30596640e+01
  2897,  2.30693930e+01
  2898,  2.30791230e+01
  2899,  2.30888530e+01
  2900,  2.30985850e+01
  2901,  2.31083170e+01
  2902,  2.31180510e+01
  2903,  2.31277850e+01
  2904,  2.31375190e+01
  2905,  2.31472550e+01
  2906,  2.31569910e+01
  2907,  2.31667290e+01
  2908,  2.31764670e+01
  2909,  2.31862050e+01
  2910,  2.31959450e+01
  2911,  2.32056850e+01
  2912,  2.32154270e+01
  2913,  2.32251690e+01
  2914,  2.32349120e+01
  2915,  2.32446550e+01
  2916,  2.32544000e+01
  2917,  2.32641450e+01
  2918,  2.32738910e+01
  2919,  2.32836380e+01
  2920,  2.32933860e+01
  2921,  2.33031350e+01
  2922,  2.33128840e+01
  2923,  2.33226340e+01
  2924,  2.33323850e+01
  2925,  2.33421370e+01
  2926,  2.33518900e+01
  2927,  2.33616430e+01
  2928,  2.33713980e+01
  2929,  2.33811530e+01
  2930,  2.33909090e+01
  2931,  2.34006660e+01
  2932,  2.34104240e+01
  2933,  2.34201820e+01
  2934,  2.34299410e+01
  2935,  2.34397020e+01
  2936,  2.34494630e+01
  2937,  2.34592240e+01
  2938,  2.34689870e+01
  2939,  2.34787510e+01
  2940,  2.34885150e+01
  2941,  2.34982800e+01
  2942,  2.35080460e+01
  2943,  2.35178130e+01
  2944,  2.35275810e+01
  2945,  2.35373490e+01
  2946,  2.35471190e+01
  2947,  2.35568890e+01
  2948,  2.35666600e+01
  2949,  2.35764320e+01
  2950,  2.35862050e+01
  2951,  2.35959790e+01
  2952,  2.36057530e+01
  2953,  2.36155280e+01
  2954,  2.36253050e+01
  2955,  2.36350820e+01
  2956,  2.36448600e+01
  2957,  2.36546380e+01
  2958,  2.36644180e+01
  2959,  2.36741990e+01
  2960,  2.36839800e+01
  2961,  2.36937620e+01
  2962,  2.37035450e+01
  2963,  2.37133290e+01
  2964,  2.37231140e+01
  2965,  2.37329000e+01
  2966,  2.37426860e+01
  2967,  2.37524740e+01
  2968,  2.37622620e+01
  2969,  2.37720510e+01
  2970,  2.37818410e+01
  2971,  2.37916320e+01
  2972,  2.38014240e+01
  2973,  2.38112160e+01
  2974,  2.38210100e+01
  2975,  2.38308040e+01
  2976,  2.38405990e+01
  2977,  2.38503960e+01
  2978,  2.38601930e+01
  2979,  2.38699900e+01
  2980,  2.38797890e+01
  2981,  2.38895890e+01
  2982,  2.38993890e+01
  2983,  2.39091910e+01
  2984,  2.39189930e+01
  2985,  2.39287960e+01
  2986,  2.39386000e+01
  2987,  2.39484050e+01
  2988,  2.39582110e+01
  2989,  2.39680180e+01
  2990,  2.39778250e+01
  2991,  2.39876340e+01
  2992,  2.39974430e+01
  2993,  2.40072540e+01
  2994,  2.40170650e+01
  2995,  2.40268770e+01
  2996,  2.40366900e+01
  2997,  2.40465040e+01
  2998,  2.40563180e+01
  2999,  2.40661340e+01
  3000,  2.40759510e+01
  3001,  2.40857680e+01
  3002,  2.40955870e+01
  3003,  2.41054060e+01
  3004,  2.41152260e+01
  3005,  2.41250470e+01
  3006,  2.41348690e+01
  3007,  2.41446920e+01
  3008,  2.41545160e+01
  3009,  2.41643410e+01
  3010,  2.41741660e+01
  3011,  2.41839930e+01
  3012,  2.41938200e+01
  3013,  2.42036490e+01
  3014,  2.42134780e+01
  3015,  2.42233080e+01
  3016,  2.42331390e+01
  3017,  2.42429710e+01
  3018,  2.42528040e+01
  3019,  2.42626380e+01
  3020,  2.42724730e+01
  3021,  2.42823090e+01
  3022,  2.42921450e+01
  3023,  2.43019830e+01
  3024,  2.43118210e+01
  3025,  2.43216610e+01
  3026,  2.43315010e+01
  3027,  2.43413430e+01
  3028,  2.43511850e+01
  3029,  2.43610280e+01
  3030,  2.43708720e+01
  3031,  2.43807170e+01
  3032,  2.43905630e+01
  3033,  2.44004100e+01
  3034,  2.44102580e+01
  3035,  2.44201060e+01
  3036,  2.44299560e+01
  3037,  2.44398070e+01
  3038,  2.44496580e+01
  3039,  2.44595110e+01
  3040,  2.44693640e+01
  3041,  2.44792190e+01
  3042,  2.44890740e+01
  3043,  2.44989300e+01
  3044,  2.45087880e+01
  3045,  2.45186460e+01
  3046,  2.45285050e+01
  3047,  2.45383650e+01
  3048,  2.45482260e+01
  3049,  2.45580880e+01
  3050,  2.45679510e+01
  3051,  2.45778150e+01
  3052,  2.45876800e+01
  3053,  2.45975450e+01
  3054,  2.46074120e+01
  3055,  2.46172800e+01
  3056,  2.46271490e+01
  3057,  2.46370180e+01
  3058,  2.46468890e+01
  3059,  2.46567600e+01
  3060,  2.46666330e+01
  3061,  2.46765060e+01
  3062,  2.46863810e+01
  3063,  2.46962560e+01
  3064,  2.47061330e+01
  3065,  2.47160100e+01
  3066,  2.47258880e+01
  3067,  2.47357680e+01
  3068,  2.47456480e+01
  3069,  2.47555290e+01
  3070,  2.47654120e+01
  3071,  2.47752950e+01
  3072,  2.47851790e+01
  3073,  2.47950640e+01
  3074,  2.48049500e+01
  3075,  2.48148370e+01
  3076,  2.48247250e+01
  3077,  2.48346150e+01
  3078,  2.48445050e+01
  3079,  2.48543960e+01
  3080,  2.48642880e+01
  3081,  2.48741810e+01
  3082,  2.48840750e+01
  3083,  2.48939700e+01
  3084,  2.49038660e+01
  3085,  2.49137630e+01
  3086,  2.49236610e+01
  3087,  2.49335600e+01
  3088,  2.49434590e+01
  3089,  2.49533600e+01
  3090,  2.49632620e+01
  3091,  2.49731650e+01
  3092,  2.49830690e+01
  3093,  2.49929740e+01
  3094,  2.50028800e+01
  3095,  2.50127870e+01
  3096,  2.50226950e+01
  3097,  2.50326040e+01
  3098,  2.50425140e+01
  3099,  2.50524250e+01
  3100,  2.50623370e+01
  3101,  2.50722500e+01
  3102,  2.50821640e+01
  3103,  2.50920790e+01
  3104,  2.51019950e+01
  3105,  2.51119120e+01
  3106,  2.51218300e+01
  3107,  2.51317490e+01
  3108,  2.51416690e+01
  3109,  2.51515900e+01
  3110,  2.51615120e+01
  3111,  2.51714350e+01
  3112,  2.51813590e+01
  3113,  2.51912840e+01
  3114,  2.52012110e+01
  3115,  2.52111380e+01
  3116,  2.52210660e+01
  3117,  2.52309950e+01
  3118,  2.52409250e+01
  3119,  2.52508570e+01
  3120,  2.52607890e+01
  3121,  2.52707220e+01
  3122,  2.52806570e+01
  3123,  2.52905920e+01
  3124,  2.53005290e+01
  3125,  2.53104660e+01
  3126,  2.53204050e+01
  3127,  2.53303440e+01
  3128,  2.53402850e+01
  3129,  2.53502260e+01
  3130,  2.53601690e+01
  3131,  2.53701130e+01
  3132,  2.53800580e+01
  3133,  2.53900030e+01
  3134,  2.53999500e+01
  3135,  2.54098980e+01
  3136,  2.54198470e+01
  3137,  2.54297970e+01
  3138,  2.54397480e+01
  3139,  2.54497000e+01
  3140,  2.54596530e+01
  3141,  2.54696070e+01
  3142,  2.54795630e+01
  3143,  2.54895190e+01
  3144,  2.54994760e+01
  3145,  2.55094350e+01
  3146,  2.55193940e+01
  3147,  2.55293550e+01
  3148,  2.55393160e+01
  3149,  2.55492790e+01
  3150,  2.55592420e+01
  3151,  2.55692070e+01
  3152,  2.55791730e+01
  3153,  2.55891400e+01
  3154,  2.55991080e+01
  3155,  2.56090770e+01
  3156,  2.56190470e+01
  3157,  2.56290180e+01
  3158,  2.56389900e+01
  3159,  2.56489640e+01
  3160,  2.56589380e+01
  3161,  2.56689130e+01
  3162,  2.56788900e+01
  3163,  2.56888680e+01
  3164,  2.56988460e+01
  3165,  2.57088260e+01
  3166,  2.57188070e+01
  3167,  2.57287890e+01
  3168,  2.57387720e+01
  3169,  2.57487560e+01
  3170,  2.57587410e+01
  3171,  2.57687270e+01
  3172,  2.57787140e+01
  3173,  2.57887030e+01
  3174,  2.57986920e+01
  3175,  2.58086830e+01
  3176,  2.58186750e+01
  3177,  2.58286670e+01
  3178,  2.58386610e+01
  3179,  2.58486560e+01
  3180,  2.58586520e+01
  3181,  2.58686490e+01
  3182,  2.58786480e+01
  3183,  2.58886470e+01
  3184,  2.58986470e+01
  3185,  2.59086490e+01
  3186,  2.59186520e+01
  3187,  2.59286550e+01
  3188,  2.59386600e+01
  3189,  2.59486660e+01
  3190,  2.59586730e+01
  3191,  2.59686810e+01
  3192,  2.59786910e+01
  3193,  2.59887010e+01
  3194,  2.59987130e+01
  3195,  2.60087250e+01
  3196,  2.60187390e+01
  3197,  2.60287540e+01
  3198,  2.60387700e+01
  3199,  2.60487870e+01
  3200,  2.60588050e+01
  3201,  2.60688240e+01
  3202,  2.60788450e+01
  3203,  2.60888660e+01
  3204,  2.60988890e+01
  3205,  2.61089130e+01
  3206,  2.61189380e+01
  3207,  2.61289640e+01
  3208,  2.61389910e+01
  3209,  2.61490190e+01
  3210,  2.61590490e+01
  3211,  2.61690790e+01
  3212,  2.61791110e+01
  3213,  2.61891440e+01
  3214,  2.61991780e+01
  3215,  2.62092130e+01
  3216,  2.62192490e+01
  3217,  2.62292860e+01
  3218,  2.62393250e+01
  3219,  2.62493650e+01
  3220,  2.62594050e+01
  3221,  2.62694470e+01
  3222,  2.62794900e+01
  3223,  2.62895350e+01
  3224,  2.62995800e+01
  3225,  2.63096260e+01
  3226,  2.63196740e+01
  3227,  2.63297230e+01
  3228,  2.63397730e+01
  3229,  2.63498240e+01
  3230,  2.63598760e+01
  3231,  2.63699300e+01
  3232,  2.63799840e+01
  3233,  2.63900400e+01
  3234,  2.64000970e+01
  3235,  2.64101550e+01
  3236,  2.64202140e+01
  3237,  2.64302740e+01
  3238,  2.64403360e+01
  3239,  2.64503990e+01
  3240,  2.64604620e+01
  3241,  2.64705270e+01
  3242,  2.64805940e+01
  3243,  2.64906610e+01
  3244,  2.65007290e+01
  3245,  2.65107990e+01
  3246,  2.65208700e+01
  3247,  2.65309420e+01
  3248,  2.65410150e+01
  3249,  2.65510900e+01
  3250,  2.65611650e+01
  3251,  2.65712420e+01
  3252,  2.65813200e+01
  3253,  2.65913990e+01
  3254,  2.66014790e+01
  3255,  2.66115600e+01
  3256,  2.66216430e+01
  3257,  2.66317270e+01
  3258,  2.66418120e+01
  3259,  2.66518980e+01
  3260,  2.66619850e+01
  3261,  2.66720740e+01
  3262,  2.66821640e+01
  3263,  2.66922550e+01
  3264,  2.67023470e+01
  3265,  2.67124400e+01
  3266,  2.67225350e+01
  3267,  2.67326300e+01
  3268,  2.67427270e+01
  3269,  2.67528250e+01
  3270,  2.67629250e+01
  3271,  2.67730250e+01
  3272,  2.67831270e+01
  3273,  2.67932300e+01
  3274,  2.68033340e+01
  3275,  2.68134390e+01
  3276,  2.68235460e+01
  3277,  2.68336530e+01
  3278,  2.68437620e+01
  3279,  2.68538720e+01
  3280,  2.68639840e+01
  3281,  2.68740960e+01
  3282,  2.68842100e+01
  3283,  2.68943250e+01
  3284,  2.69044410e+01
  3285,  2.69145590e+01
  3286,  2.69246770e+01
  3287,  2.69347970e+01
  3288,  2.69449180e+01
  3289,  2.69550400e+01
  3290,  2.69651640e+01
  3291,  2.69752890e+01
  3292,  2.69854150e+01
  3293,  2.69955420e+01
  3294,  2.70056700e+01
  3295,  2.70158000e+01
  3296,  2.70259310e+01
  3297,  2.70360630e+01
  3298,  2.70461960e+01
  3299,  2.70563310e+01
  3300,  2.70664670e+01
  3301,  2.70766040e+01
  3302,  2.70867420e+01
  3303,  2.70968810e+01
  3304,  2.71070220e+01
  3305,  2.71171640e+01
  3306,  2.71273070e+01
  3307,  2.71374520e+01
  3308,  2.71475980e+01
  3309,  2.71577450e+01
  3310,  2.71678930e+01
  3311,  2.71780420e+01
  3312,  2.71881930e+01
  3313,  2.71983450e+01
  3314,  2.72084980e+01
  3315,  2.72186530e+01
  3316,  2.72288080e+01
  3317,  2.72389650e+01
  3318,  2.72491240e+01
  3319,  2.72592830e+01
  3320,  2.72694440e+01
  3321,  2.72796060e+01
  3322,  2.72897690e+01
  3323,  2.72999340e+01
  3324,  2.73100990e+01
  3325,  2.73202670e+01
  3326,  2.73304350e+01
  3327,  2.73406040e+01
  3328,  2.73507750e+01
  3329,  2.73609470e+01
  3330,  2.73711210e+01
  3331,  2.73812960e+01
  3332,  2.73914710e+01
  3333,  2.74016490e+01
  3334,  2.74118270e+01
  3335,  2.74220070e+01
  3336,  2.74321880e+01
  3337,  2.74423700e+01
  3338,  2.74525540e+01
  3339,  2.74627390e+01
  3340,  2.74729250e+01
  3341,  2.74831120e+01
  3342,  2.74933010e+01
  3343,  2.75034910e+01
  3344,  2.75136830e+01
  3345,  2.75238750e+01
  3346,  2.75340690e+01
  3347,  2.75442640e+01
  3348,  2.75544610e+01
  3349,  2.75646580e+01
  3350,  2.75748580e+01
  3351,  2.75850580e+01
  3352,  2.75952600e+01
  3353,  2.76054630e+01
  3354,  2.76156670e+01
  3355,  2.76258720e+01
  3356,  2.76360790e+01
  3357,  2.76462870e+01
  3358,  2.76564970e+01
  3359,  2.76667080e+01
  3360,  2.76769200e+01
  3361,  2.76871330e+01
  3362,  2.76973480e+01
  3363,  2.77075640e+01
  3364,  2.77177810e+01
  3365,  2.77280000e+01
  3366,  2.77382200e+01
  3367,  2.77484410e+01
  3368,  2.77586640e+01
  3369,  2.77688880e+01
  3370,  2.77791130e+01
  3371,  2.77893390e+01
  3372,  2.77995670e+01
  3373,  2.78097960e+01
  3374,  2.78200270e+01
  3375,  2.78302590e+01
  3376,  2.78404920e+01
  3377,  2.78507270e+01
  3378,  2.78609620e+01
  3379,  2.78712000e+01
  3380,  2.78814380e+01
  3381,  2.78916780e+01
  3382,  2.79019190e+01
  3383,  2.79121620e+01
  3384,  2.79224050e+01
  3385,  2.79326510e+01
  3386,  2.79428970e+01
  3387,  2.79531450e+01
  3388,  2.79633940e+01
  3389,  2.79736450e+01
  3390,  2.79838970e+01
  3391,  2.79941500e+01
  3392,  2.80044040e+01
  3393,  2.80146600e+01
  3394,  2.80249180e+01
  3395,  2.80351760e+01
  3396,  2.80454360e+01
  3397,  2.80556980e+01
  3398,  2.80659600e+01
  3399,  2.80762240e+01
  3400,  2.80864900e+01
  3401,  2.80967570e+01
  3402,  2.81070250e+01
  3403,  2.81172940e+01
  3404,  2.81275650e+01
  3405,  2.81378370e+01
  3406,  2.81481110e+01
  3407,  2.81583860e+01
  3408,  2.81686620e+01
  3409,  2.81789400e+01
  3410,  2.81892190e+01
  3411,  2.81994990e+01
  3412,  2.82097810e+01
  3413,  2.82200640e+01
  3414,  2.82303490e+01
  3415,  2.82406350e+01
  3416,  2.82509220e+01
  3417,  2.82612110e+01
  3418,  2.82715010e+01
  3419,  2.82817920e+01
  3420,  2.82920850e+01
  3421,  2.83023790e+01
  3422,  2.83126750e+01
  3423,  2.83229720e+01
  3424,  2.83332700e+01
  3425,  2.83435700e+01
  3426,  2.83538710e+01
  3427,  2.83641740e+01
  3428,  2.83744780e+01
  3429,  2.83847830e+01
  3430,  2.83950900e+01
  3431,  2.84053980e+01
  3432,  2.84157070e+01
  3433,  2.84260180e+01
  3434,  2.84363310e+01
  3435,  2.84466440e+01
  3436,  2.84569600e+01
  3437,  2.84672760e+01
  3438,  2.84775940e+01
  3439,  2.84879130e+01
  3440,  2.84982340e+01
  3441,  2.85085560e+01
  3442,  2.85188800e+01
  3443,  2.85292050e+01
  3444,  2.85395310e+01
  3445,  2.85498590e+01
  3446,  2.85601880e+01
  3447,  2.85705190e+01
  3448,  2.85808510e+01
  3449,  2.85911850e+01
  3450,  2.86015200e+01
  3451,  2.86118560e+01
  3452,  2.86221940e+01
  3453,  2.86325330e+01
  3454,  2.86428740e+01
  3455,  2.86532160e+01
  3456,  2.86635590e+01
  3457,  2.86739040e+01
  3458,  2.86842500e+01
  3459,  2.86945980e+01
  3460,  2.87049470e+01
  3461,  2.87152980e+01
  3462,  2.87256500e+01
  3463,  2.87360040e+01
  3464,  2.87463590e+01
  3465,  2.87567150e+01
  3466,  2.87670730e+01
  3467,  2.87774320e+01
  3468,  2.87877930e+01
  3469,  2.87981550e+01
  3470,  2.88085190e+01
  3471,  2.88188840e+01
  3472,  2.88292500e+01
  3473,  2.88396180e+01
  3474,  2.88499880e+01
  3475,  2.88603590e+01
  3476,  2.88707310e+01
  3477,  2.88811050e+01
  3478,  2.88914800e+01
  3479,  2.89018570e+01
  3480,  2.89122350e+01
  3481,  2.89226150e+01
  3482,  2.89329960e+01
  3483,  2.89433790e+01
  3484,  2.89537630e+01
  3485,  2.89641480e+01
  3486,  2.89745350e+01
  3487,  2.89849240e+01
  3488,  2.89953140e+01
  3489,  2.90057050e+01
  3490,  2.90160980e+01
  3491,  2.90264920e+01
  3492,  2.90368880e+01
  3493,  2.90472850e+01
  3494,  2.90576840e+01
  3495,  2.90680840e+01
  3496,  2.90784860e+01
  3497,  2.90888890e+01
  3498,  2.90992940e+01
  3499,  2.91097000e+01
  3500,  2.91201080e+01
  3501,  2.91305170e+01
  3502,  2.91409280e+01
  3503,  2.91513400e+01
  3504,  2.91617540e+01
  3505,  2.91721690e+01
  3506,  2.91825860e+01
  3507,  2.91930040e+01
  3508,  2.92034240e+01
  3509,  2.92138450e+01
  3510,  2.92242670e+01
  3511,  2.92346920e+01
  3512,  2.92451170e+01
  3513,  2.92555440e+01
  3514,  2.92659730e+01
  3515,  2.92764030e+01
  3516,  2.92868350e+01
  3517,  2.92972680e+01
  3518,  2.93077030e+01
  3519,  2.93181390e+01
  3520,  2.93285770e+01
  3521,  2.93390160e+01
  3522,  2.93494570e+01
  3523,  2.93598990e+01
  3524,  2.93703430e+01
  3525,  2.93807890e+01
  3526,  2.93912350e+01
  3527,  2.94016840e+01
  3528,  2.94121340e+01
  3529,  2.94225850e+01
  3530,  2.94330380e+01
  3531,  2.94434930e+01
  3532,  2.94539490e+01
  3533,  2.94644060e+01
  3534,  2.94748660e+01
  3535,  2.94853260e+01
  3536,  2.94957880e+01
  3537,  2.95062520e+01
  3538,  2.95167170e+01
  3539,  2.95271840e+01
  3540,  2.95376530e+01
  3541,  2.95481220e+01
  3542,  2.95585940e+01
  3543,  2.95690670e+01
  3544,  2.95795410e+01
  3545,  2.95900180e+01
  3546,  2.96004950e+01
  3547,  2.96109740e+01
  3548,  2.96214550e+01
  3549,  2.96319370e+01
  3550,  2.96424210e+01
  3551,  2.96529070e+01
  3552,  2.96633940e+01
  3553,  2.96738820e+01
  3554,  2.96843720e+01
  3555,  2.96948640e+01
  3556,  2.97053570e+01
  3557,  2.97158520e+01
  3558,  2.97263480e+01
  3559,  2.97368460e+01
  3560,  2.97473460e+01
  3561,  2.97578470e+01
  3562,  2.97683500e+01
  3563,  2.97788540e+01
  3564,  2.97893600e+01
  3565,  2.97998670e+01
  3566,  2.98103760e+01
  3567,  2.98208870e+01
  3568,  2.98313990e+01
  3569,  2.98419120e+01
  3570,  2.98524280e+01
  3571,  2.98629450e+01
  3572,  2.98734630e+01
  3573,  2.98839830e+01
  3574,  2.98945050e+01
  3575,  2.99050280e+01
  3576,  2.99155530e+01
  3577,  2.99260790e+01
  3578,  2.99366070e+01
  3579,  2.99471370e+01
  3580,  2.99576680e+01
  3581,  2.99682010e+01
  3582,  2.99787350e+01
  3583,  2.99892710e+01
  3584,  2.99998090e+01
  3585,  3.00103480e+01
  3586,  3.00208890e+01
  3587,  3.00314320e+01
  3588,  3.00419760e+01
  3589,  3.00525210e+01
  3590,  3.00630690e+01
  3591,  3.00736170e+01
  3592,  3.00841680e+01
  3593,  3.00947200e+01
  3594,  3.01052740e+01
  3595,  3.01158290e+01
  3596,  3.01263860e+01
  3597,  3.01369450e+01
  3598,  3.01475050e+01
  3599,  3.01580670e+01
  3600,  3.01686310e+01
  3601,  3.01791960e+01
  3602,  3.01897620e+01
  3603,  3.02003310e+01
  3604,  3.02109010e+01
  3605,  3.02214720e+01
  3606,  3.02320460e+01
  3607,  3.02426210e+01
  3608,  3.02531970e+01
  3609,  3.02637750e+01
  3610,  3.02743550e+01
  3611,  3.02849370e+01
  3612,  3.02955200e+01
  3613,  3.03061050e+01
  3614,  3.03166910e+01
  3615,  3.03272790e+01
  3616,  3.03378690e+01
  3617,  3.03484600e+01
  3618,  3.03590530e+01
  3619,  3.03696480e+01
  3620,  3.03802450e+01
  3621,  3.03908430e+01
  3622,  3.04014420e+01
  3623,  3.04120440e+01
  3624,  3.04226470e+01
  3625,  3.04332510e+01
  3626,  3.04438580e+01
  3627,  3.04544660e+01
  3628,  3.04650750e+01
  3629,  3.04756860e+01
  3630,  3.04862990e+01
  3631,  3.04969140e+01
  3632,  3.05075310e+01
  3633,  3.05181490e+01
  3634,  3.05287680e+01
  3635,  3.05393900e+01
  3636,  3.05500130e+01
  3637,  3.05606370e+01
  3638,  3.05712640e+01
  3639,  3.05818920e+01
  3640,  3.05925220e+01
  3641,  3.06031530e+01
  3642,  3.06137860e+01
  3643,  3.06244210e+01
  3644,  3.06350580e+01
  3645,  3.06456960e+01
  3646,  3.06563360e+01
  3647,  3.06669780e+01
  3648,  3.06776210e+01
  3649,  3.06882660e+01
  3650,  3.06989130e+01
  3651,  3.07095610e+01
  3652,  3.07202110e+01
  3653,  3.07308630e+01
  3654,  3.07415170e+01
  3655,  3.07521720e+01
  3656,  3.07628290e+01
  3657,  3.07734880e+01
  3658,  3.07841480e+01
  3659,  3.07948100e+01
  3660,  3.08054740e+01
  3661,  3.08161390e+01
  3662,  3.08268070e+01
  3663,  3.08374760e+01
  3664,  3.08481460e+01
  3665,  3.08588190e+01
  3666,  3.08694930e+01
  3667,  3.08801690e+01
  3668,  3.08908460e+01
  3669,  3.09015260e+01
  3670,  3.09122070e+01
  3671,  3.09228900e+01
  3672,  3.09335740e+01
  3673,  3.09442600e+01
  3674,  3.09549480e+01
  3675,  3.09656380e+01
  3676,  3.09763300e+01
  3677,  3.09870230e+01
  3678,  3.09977180e+01
  3679,  3.10084150e+01
  3680,  3.10191130e+01
  3681,  3.10298130e+01
  3682,  3.10405150e+01
  3683,  3.10512190e+01
  3684,  3.10619240e+01
  3685,  3.10726320e+01
  3686,  3.10833410e+01
  3687,  3.10940510e+01
  3688,  3.11047640e+01
  3689,  3.11154780e+01
  3690,  3.11261940e+01
  3691,  3.11369120e+01
  3692,  3.11476310e+01
  3693,  3.11583530e+01
  3694,  3.11690760e+01
  3695,  3.11798000e+01
  3696,  3.11905270e+01
  3697,  3.12012550e+01
  3698,  3.12119860e+01
  3699,  3.12227170e+01
  3700,  3.12334510e+01
  3701,  3.12441870e+01
  3702,  3.12549240e+01
  3703,  3.12656630e+01
  3704,  3.12764040e+01
  3705,  3.12871460e+01
  3706,  3.12978910e+01
  3707,  3.13086370e+01
  3708,  3.13193850e+01
  3709,  3.13301350e+01
  3710,  3.13408860e+01
  3711,  3.13516390e+01
  3712,  3.13623950e+01
  3713,  3.13731520e+01
  3714,  3.13839100e+01
  3715,  3.13946710e+01
  3716,  3.14054330e+01
  3717,  3.14161970e+01
  3718,  3.14269630e+01
  3719,  3.14377310e+01
  3720,  3.14485000e+01
  3721,  3.14592720e+01
  3722,  3.14700450e+01
  3723,  3.14808200e+01
  3724,  3.14915970e+01
  3725,  3.15023750e+01
  3726,  3.15131560e+01
  3727,  3.15239380e+01
  3728,  3.15347220e+01
  3729,  3.15455080e+01
  3730,  3.15562960e+01
  3731,  3.15670850e+01
  3732,  3.15778770e+01
  3733,  3.15886700e+01
  3734,  3.15994650e+01
  3735,  3.16102620e+01
  3736,  3.16210600e+01
  3737,  3.16318610e+01
  3738,  3.16426630e+01
  3739,  3.16534670e+01
  3740,  3.16642740e+01
  3741,  3.16750810e+01
  3742,  3.16858910e+01
  3743,  3.16967030e+01
  3744,  3.17075160e+01
  3745,  3.17183310e+01
  3746,  3.17291480e+01
  3747,  3.17399670e+01
  3748,  3.17507880e+01
  3749,  3.17616110e+01
  3750,  3.17724350e+01
  3751,  3.17832620e+01
  3752,  3.17940900e+01
  3753,  3.18049200e+01
  3754,  3.18157520e+01
  3755,  3.18265860e+01
  3756,  3.18374210e+01
  3757,  3.18482590e+01
  3758,  3.18590980e+01
  3759,  3.18699400e+01
  3760,  3.18807830e+01
  3761,  3.18916280e+01
  3762,  3.19024750e+01
  3763,  3.19133240e+01
  3764,  3.19241740e+01
  3765,  3.19350270e+01
  3766,  3.19458810e+01
  3767,  3.19567370e+01
  3768,  3.19675960e+01
  3769,  3.19784560e+01
  3770,  3.19893180e+01
  3771,  3.20001810e+01
  3772,  3.20110470e+01
  3773,  3.20219150e+01
  3774,  3.20327840e+01
  3775,  3.20436560e+01
  3776,  3.20545290e+01
  3777,  3.20654040e+01
  3778,  3.20762810e+01
  3779,  3.20871600e+01
  3780,  3.20980410e+01
  3781,  3.21089240e+01
  3782,  3.21198090e+01
  3783,  3.21306960e+01
  3784,  3.21415840e+01
  3785,  3.21524750e+01
  3786,  3.21633670e+01
  3787,  3.21742610e+01
  3788,  3.21851570e+01
  3789,  3.21960560e+01
  3790,  3.22069560e+01
  3791,  3.22178580e+01
  3792,  3.22287610e+01
  3793,  3.22396670e+01
  3794,  3.22505750e+01
  3795,  3.22614850e+01
  3796,  3.22723960e+01
  3797,  3.22833100e+01
  3798,  3.22942250e+01
  3799,  3.23051430e+01
  3800,  3.23160620e+01
  3801,  3.23269830e+01
  3802,  3.23379060e+01
  3803,  3.23488320e+01
  3804,  3.23597590e+01
  3805,  3.23706880e+01
  3806,  3.23816190e+01
  3807,  3.23925520e+01
  3808,  3.24034870e+01
  3809,  3.24144230e+01
  3810,  3.24253620e+01
  3811,  3.24363030e+01
  3812,  3.24472460e+01
  3813,  3.24581900e+01
  3814,  3.24691370e+01
  3815,  3.24800850e+01
  3816,  3.24910360e+01
  3817,  3.25019890e+01
  3818,  3.25129430e+01
  3819,  3.25238990e+01
  3820,  3.25348580e+01
  3821,  3.25458180e+01
  3822,  3.25567810e+01
  3823,  3.25677450e+01
  3824,  3.25787110e+01
  3825,  3.25896800e+01
  3826,  3.26006500e+01
  3827,  3.26116220e+01
  3828,  3.26225960e+01
  3829,  3.26335730e+01
  3830,  3.26445510e+01
  3831,  3.26555310e+01
  3832,  3.26665130e+01
  3833,  3.26774970e+01
  3834,  3.26884830e+01
  3835,  3.26994720e+01
  3836,  3.27104620e+01
  3837,  3.27214540e+01
  3838,  3.27324480e+01
  3839,  3.27434440e+01
  3840,  3.27544430e+01
  3841,  3.27654430e+01
  3842,  3.27764450e+01
  3843,  3.27874490e+01
  3844,  3.27984550e+01
  3845,  3.28094630e+01
  3846,  3.28204740e+01
  3847,  3.28314860e+01
  3848,  3.28425000e+01
  3849,  3.28535170e+01
  3850,  3.28645350e+01
  3851,  3.28755550e+01
  3852,  3.28865780e+01
  3853,  3.28976020e+01
  3854,  3.29086280e+01
  3855,  3.29196570e+01
  3856,  3.29306870e+01
  3857,  3.29417200e+01
  3858,  3.29527540e+01
  3859,  3.29637910e+01
  3860,  3.29748290e+01
  3861,  3.29858700e+01
  3862,  3.29969130e+01
  3863,  3.30079580e+01
  3864,  3.30190040e+01
  3865,  3.30300530e+01
  3866,  3.30411040e+01
  3867,  3.30521570e+01
  3868,  3.30632120e+01
  3869,  3.30742690e+01
  3870,  3.30853280e+01
  3871,  3.30963890e+01
  3872,  3.31074530e+01
  3873,  3.31185180e+01
  3874,  3.31295850e+01
  3875,  3.31406550e+01
  3876,  3.31517260e+01
  3877,  3.31628000e+01
  3878,  3.31738750e+01
  3879,  3.31849530e+01
  3880,  3.31960330e+01
  3881,  3.32071140e+01
  3882,  3.32181980e+01
  3883,  3.32292840e+01
  3884,  3.32403720e+01
  3885,  3.32514630e+01
  3886,  3.32625550e+01
  3887,  3.32736490e+01
  3888,  3.32847460e+01
  3889,  3.32958440e+01
  3890,  3.33069450e+01
  3891,  3.33180470e+01
  3892,  3.33291520e+01
  3893,  3.33402590e+01
  3894,  3.33513680e+01
  3895,  3.33624790e+01
  3896,  3.33735920e+01
  3897,  3.33847070e+01
  3898,  3.33958250e+01
  3899,  3.34069440e+01
  3900,  3.34180660e+01
  3901,  3.34291900e+01
  3902,  3.34403150e+01
  3903,  3.34514430e+01
  3904,  3.34625730e+01
  3905,  3.34737060e+01
  3906,  3.34848400e+01
  3907,  3.34959760e+01
  3908,  3.35071150e+01
  3909,  3.35182560e+01
  3910,  3.35293980e+01
  3911,  3.35405430e+01
  3912,  3.35516900e+01
  3913,  3.35628400e+01
  3914,  3.35739910e+01
  3915,  3.35851440e+01
  3916,  3.35963000e+01
  3917,  3.36074580e+01
  3918,  3.36186180e+01
  3919,  3.36297800e+01
  3920,  3.36409440e+01
  3921,  3.36521100e+01
  3922,  3.36632790e+01
  3923,  3.36744490e+01
  3924,  3.36856220e+01
  3925,  3.36967970e+01
  3926,  3.37079740e+01
  3927,  3.37191530e+01
  3928,  3.37303350e+01
  3929,  3.37415180e+01
  3930,  3.37527040e+01
  3931,  3.37638920e+01
  3932,  3.37750820e+01
  3933,  3.37862740e+01
  3934,  3.37974680e+01
  3935,  3.38086650e+01
  3936,  3.38198640e+01
  3937,  3.38310650e+01
  3938,  3.38422680e+01
  3939,  3.38534730e+01
  3940,  3.38646800e+01
  3941,  3.38758900e+01
  3942,  3.38871020e+01
  3943,  3.38983160e+01
  3944,  3.39095320e+01
  3945,  3.39207510e+01
  3946,  3.39319710e+01
  3947,  3.39431940e+01
  3948,  3.39544190e+01
  3949,  3.39656460e+01
  3950,  3.39768760e+01
  3951,  3.39881070e+01
  3952,  3.39993410e+01
  3953,  3.40105770e+01
  3954,  3.40218150e+01
  3955,  3.40330560e+01
  3956,  3.40442980e+01
  3957,  3.40555430e+01
  3958,  3.40667900e+01
  3959,  3.40780390e+01
  3960,  3.40892910e+01
  3961,  3.41005450e+01
  3962,  3.41118010e+01
  3963,  3.41230590e+01
  3964,  3.41343190e+01
  3965,  3.41455820e+01
  3966,  3.41568470e+01
  3967,  3.41681140e+01
  3968,  3.41793830e+01
  3969,  3.41906550e+01
  3970,  3.42019280e+01
  3971,  3.42132040e+01
  3972,  3.42244830e+01
  3973,  3.42357630e+01
  3974,  3.42470460e+01
  3975,  3.42583310e+01
  3976,  3.42696180e+01
  3977,  3.42809080e+01
  3978,  3.42922000e+01
  3979,  3.43034940e+01
  3980,  3.43147900e+01
  3981,  3.43260890e+01
  3982,  3.43373890e+01
  3983,  3.43486920e+01
  3984,  3.43599980e+01
  3985,  3.43713050e+01
  3986,  3.43826150e+01
  3987,  3.43939270e+01
  3988,  3.44052420e+01
  3989,  3.44165590e+01
  3990,  3.44278780e+01
  3991,  3.44391990e+01
  3992,  3.44505220e+01
  3993,  3.44618480e+01
  3994,  3.44731760e+01
  3995,  3.44845070e+01
  3996,  3.44958390e+01
  3997,  3.45071740e+01
  3998,  3.45185120e+01
  3999,  3.45298510e+01
  4000,  3.45411930e+01
  4001,  3.45525370e+01
  4002,  3.45638840e+01
  4003,  3.45752320e+01
  4004,  3.45865830e+01
  4005,  3.45979370e+01
  4006,  3.46092920e+01
  4007,  3.46206500e+01
  4008,  3.46320110e+01
  4009,  3.46433730e+01
  4010,  3.46547380e+01
  4011,  3.46661060e+01
  4012,  3.46774750e+01
  4013,  3.46888470e+01
  4014,  3.47002210e+01
  4015,  3.47115980e+01
  4016,  3.47229770e+01
  4017,  3.47343580e+01
  4018,  3.47457410e+01
  4019,  3.47571270e+01
  4020,  3.47685150e+01
  4021,  3.47799060e+01
  4022,  3.47912990e+01
  4023,  3.48026940e+01
  4024,  3.48140920e+01
  4025,  3.48254910e+01
  4026,  3.48368940e+01
  4027,  3.48482980e+01
  4028,  3.48597050e+01
  4029,  3.48711150e+01
  4030,  3.48825260e+01
  4031,  3.48939400e+01
  4032,  3.49053570e+01
  4033,  3.49167750e+01
  4034,  3.49281960e+01
  4035,  3.49396200e+01
  4036,  3.49510460e+01
  4037,  3.49624740e+01
  4038,  3.49739050e+01
  4039,  3.49853380e+01
  4040,  3.49967730e+01
  4041,  3.50082110e+01
  4042,  3.50196510e+01
  4043,  3.50310930e+01
  4044,  3.50425380e+01
  4045,  3.50539850e+01
  4046,  3.50654350e+01
  4047,  3.50768870e+01
  4048,  3.50883410e+01
  4049,  3.50997980e+01
  4050,  3.51112570e+01
  4051,  3.51227190e+01
  4052,  3.51341830e+01
  4053,  3.51456490e+01
  4054,  3.51571180e+01
  4055,  3.51685890e+01
  4056,  3.51800630e+01
  4057,  3.51915390e+01
  4058,  3.52030170e+01
  4059,  3.52144980e+01
  4060,  3.52259810e+01
  4061,  3.52374670e+01
  4062,  3.52489550e+01
  4063,  3.52604460e+01
  4064,  3.52719390e+01
  4065,  3.52834340e+01
  4066,  3.52949320e+01
  4067,  3.53064320e+01
  4068,  3.53179350e+01
  4069,  3.53294400e+01
  4070,  3.53409480e+01
  4071,  3.53524580e+01
  4072,  3.53639700e+01
  4073,  3.53754850e+01
  4074,  3.53870020e+01
  4075,  3.53985220e+01
  4076,  3.54100440e+01
  4077,  3.54215690e+01
  4078,  3.54330960e+01
  4079,  3.54446250e+01
  4080,  3.54561580e+01
  4081,  3.54676920e+01
  4082,  3.54792290e+01
  4083,  3.54907680e+01
  4084,  3.55023100e+01
  4085,  3.55138550e+01
  4086,  3.55254010e+01
  4087,  3.55369510e+01
  4088,  3.55485030e+01
  4089,  3.55600570e+01
  4090,  3.55716140e+01
  4091,  3.55831730e+01
  4092,  3.55947340e+01
  4093,  3.56062990e+01
  4094, -9.90000000e+01
  4095, -9.90000000e+01
